I
1130 Generated by WorldEditor 2.3.1r1

1   1720 0 0 ED09 Riedelbach
1302 gui_label 3D
100 23.00 3 0 0.00 0 0 0 06  50.30003001  008.37958330    0    0 0 0 0 0 24  50.30498490  008.39024472    0    0 0 0 0 0
100 30.00 3 0 0.00 0 0 0 08  50.30179313  008.38146517    0    0 0 0 0 0 26  50.30390611  008.38900613    0    0 0 0 0 0
110 3 0.30 54.0000 Taxiway 
112  50.30013681  008.37941127  50.29960968  008.37817015
111  50.30013681  008.37941127
112  50.30013681  008.37941127  50.29987302  008.37944381
111  50.29978154  008.37962762
111  50.30056792  008.38127956
111  50.30158455  008.38339771
111  50.30305686  008.38649724
112  50.30377872  008.38909098  50.30380632  008.38914204
111  50.30377872  008.38909098
112  50.30377872  008.38909098  50.30455144  008.39054823
111  50.30501464  008.39061259
112  50.30512790  008.39018982  50.30510944  008.38992962
111  50.30512790  008.39018982
112  50.30512790  008.39018982  50.30504953  008.38997934
112  50.30367796  008.38714380  50.30352266  008.38682126
111  50.30367796  008.38714380
112  50.30367796  008.38714380  50.30317177  008.38586196
112  50.30278492  008.38422752  50.30247277  008.38277207
111  50.30278492  008.38422752
112  50.30278492  008.38422752  50.30280624  008.38417744
111  50.30313540  008.38358376
111  50.30215644  008.38121539
112  50.30186259  008.38113175  50.30171943  008.38121352
112  50.30162550  008.38156042  50.30159906  008.38158341
111  50.30162550  008.38156042
114  50.30162550  008.38156042  50.30147277  008.38173745
110 1 0.25 53.9600 asphalt_5L.pol
112  50.29976497  008.37965050  50.29976574  008.37966521
111  50.29976497  008.37965050
112  50.29976497  008.37965050  50.29976546  008.37965195
112  50.30054980  008.38129244  50.30093234  008.38207728
111  50.30054980  008.38129244
112  50.30054980  008.38129244  50.30100273  008.38223495
112  50.30157982  008.38340224  50.30188730  008.38404838
111  50.30157982  008.38340224
112  50.30157982  008.38340224  50.30244302  008.38521731
112  50.30329408  008.38700432  50.30416349  008.38880646
111  50.30329408  008.38700432
112  50.30329408  008.38700432  50.30382586  008.38810404
112  50.30443704  008.38941882  50.30492059  008.39043802
111  50.30443704  008.38941882
112  50.30443704  008.38941882  50.30470760  008.38997321
112  50.30500734  008.39061522  50.30500852  008.39061615
111  50.30500734  008.39061522
112  50.30500734  008.39061522  50.30501461  008.39062399
112  50.30501450  008.39059567  50.30500890  008.39058014
111  50.30501450  008.39059567
112  50.30501450  008.39059567  50.30501430  008.39059398
112  50.30445277  008.38941215  50.30415782  008.38881547
111  50.30445277  008.38941215
112  50.30445277  008.38941215  50.30404612  008.38856384
112  50.30329833  008.38699788  50.30299654  008.38638433
111  50.30329833  008.38699788
112  50.30329833  008.38699788  50.30250047  008.38534450
112  50.30158455  008.38339771  50.30075541  008.38163825
111  50.30158455  008.38339771
112  50.30158455  008.38339771  50.30127597  008.38276101
112  50.30056792  008.38127956  50.30014151  008.38038167
111  50.30056792  008.38127956
112  50.30056792  008.38127956  50.30025846  008.38064004
112  50.29978113  008.37962730  50.29978071  008.37962698
111  50.29978113  008.37962730
114  50.29978113  008.37962730  50.29976946  008.37962487
130 Airport Boundary 
111  50.30154936  008.38145947
111  50.30099628  008.38081085
111  50.30006004  008.37919213
111  50.29929213  008.37991932
111  50.30067131  008.38179098
111  50.30157955  008.38398790
111  50.30286988  008.38748466
111  50.30481249  008.39103791
111  50.30537252  008.39052639
111  50.30369594  008.38710969
111  50.30307377  008.38533101
111  50.30324667  008.38334889
111  50.30272305  008.38161640
113  50.30194114  008.38074430
14  50.30296736  008.38327564  82.02 0 Tower Viewpoint
1300  50.30260920  008.38270305 147.79 tie_down props Ramp Start
1301 A none 
1300  50.30286641  008.38365220 141.34 tie_down jets|turboprops|props|helos Ramp Start
1301 A none 
19  50.30259273  008.38329722 0 Windsock
1051 130125 Riedelbach Info
99
