I
1000 Generated by WorldEditor

1   1102 0 0 EDFA Neu-Anspach
100 28.00 3 0 0.00 0 0 0 06  50.28731808  008.53141335    0    0 0 0 0 0 24  50.29067724  008.53893475    0    0 0 0 0 0
110 2 0.00 0.0000 New Taxiway 4
111  50.29074859  008.54001421
111  50.29080343  008.53994583
111  50.29072874  008.53980056
113  50.29068124  008.53985986
110 1 0.00 0.0000 New Taxiway 2
111  50.29103851  008.54140470
111  50.29117021  008.54127738
111  50.29090486  008.54062862
112  50.29092326  008.54046340  50.29091455  008.54037245
112  50.29079640  008.54013750  50.29077219  008.54009809
111  50.29072934  008.54003774
111  50.29074859  008.54001421
111  50.29068124  008.53985986
111  50.29072874  008.53980056
112  50.29068906  008.53968197  50.29068485  008.53961421
111  50.29069868  008.53956903
112  50.29091206  008.53936768  50.29105927  008.53926460
111  50.29124982  008.53916660
111  50.29123464  008.53913339
112  50.29086452  008.53935169  50.29076971  008.53943005
112  50.29056091  008.53960679  50.29048848  008.53965348
111  50.29033027  008.53968631
111  50.29033644  008.53972627
112  50.29040071  008.53972351  50.29040599  008.53974281
111  50.29038574  008.53976210
111  50.29014891  008.54000738
111  50.29033820  008.54046073
111  50.29068155  008.54009970
112  50.29080128  008.54028435  50.29083210  008.54033947
112  50.29086291  008.54047038  50.29085851  008.54049519
111  50.29084971  008.54053928
113  50.29072997  008.54066881
110 3 0.00 0.0000 New Taxiway 3
111  50.29036318  008.53962573
111  50.29029195  008.53945662
111  50.28992378  008.53950297
113  50.28999582  008.53972470
110 3 0.00 340.0000 New Taxiway 1
111  50.29131227  008.54170688
111  50.29151814  008.54152697
111  50.29214778  008.54297706
112  50.29222670  008.54309253  50.29225072  008.54310864
112  50.29277889  008.54264244  50.29279295  008.54248471
111  50.29119830  008.53908246
112  50.29146110  008.53889820  50.29147399  008.53882851
112  50.29031660  008.53642985  50.29028682  008.53642319
111  50.29009189  008.53661296
111  50.28545811  008.52655428
112  50.28516959  008.52658597  50.28499887  008.52681453
111  50.28507035  008.52700865
112  50.28585697  008.52894751  50.28581815  008.52902613
112  50.28561280  008.52932633  50.28561965  008.52945141
112  50.28594390  008.53028409  50.28600784  008.53030553
111  50.28615627  008.53018760
111  50.28710393  008.53232474
112  50.28938141  008.53755465  50.28937136  008.53772763
112  50.28883193  008.53824536  50.28885892  008.53837533
112  50.28976025  008.53941497  50.28990764  008.53947671
113  50.29033155  008.53941269
130 Airport Boundary 24
111  50.28535996  008.52639395
111  50.28504326  008.52676567
111  50.28690492  008.53214568
111  50.28831379  008.53617725
111  50.28934306  008.53865543
111  50.29065128  008.54128830
111  50.29214130  008.54337808
111  50.29285588  008.54265755
113  50.28694402  008.52976491
20  50.28888553  008.53528749 54.3192 0 1 {@Y}1/2{@@}1/2
20  50.29208693  008.53863095 160.7874 0 1 {@Y}ACHTUNG_FLUGZEUGE
20  50.29040206  008.53962464 326.3109 0 1 {@Y}ACHTUNG_FLUGZEUGE
20  50.28911893  008.53503943 56.4874 0 1 {@Y}1/2{@@}1/2
14  50.29046004  008.53952910  82.02 0 New Tower Viewpoint 11
1300  50.29062105  008.53971208 148.14 tie_down props Ramp parking start 1
1300  50.29117954  008.54119566 235.94 tie_down props East hangar parking start 1
1300  50.28980684  008.53870070 -41.63 tie_down props Grass parking start 2
1300  50.29018435  008.53925492 -41.63 tie_down props Grass parking start 1
54 12102 Anspach Info
1200 
1201  50.29083214  008.53979693 both 0 _stop
1201  50.29102639  008.54037394 both 1 _stop
1201  50.29111572  008.54100864 both 2 _start
1201  50.29051170  008.53946627 both 3 _stop
1201  50.29033730  008.53907125 both 4 _stop
1201  50.29005372  008.53840104 both 5 _stop
1201  50.28701158  008.53143832 both 6 _stop
1201  50.28715244  008.53133310 both 7 _stop
1201  50.28728450  008.53135940 both 8 _stop
1201  50.29057233  008.53934914 both 9 _stop
1201  50.29061615  008.53930475 both 10 _stop
1201  50.29069484  008.53904835 both 11 _stop
1201  50.29067195  008.53892433 both 12 _stop
1201  50.28732439  008.53143366 both 13 _start
1202 0 3 twoway taxiway 
1202 1 0 twoway taxiway 
1202 2 1 twoway taxiway 
1202 3 9 twoway taxiway 
1202 4 3 twoway taxiway 
1202 5 4 twoway taxiway 
1202 6 5 twoway taxiway 
1202 7 6 twoway taxiway 
1204 departure 06,24
1204 arrival 06,24
1202 8 7 twoway taxiway 
1204 departure 06,24
1204 arrival 06,24
1202 13 8 twoway taxiway 
1204 departure 06,24
1204 arrival 06,24
1202 10 9 twoway taxiway 
1204 departure 06,24
1204 arrival 06,24
1202 11 10 twoway taxiway 
1204 departure 06,24
1204 arrival 06,24
1202 12 11 twoway taxiway 
1204 departure 06,24
1204 arrival 06,24
1202 13 12 twoway runway 06/24
1204 departure 06,24
1204 arrival 06,24
99
