A
1050 Generated by WorldEditor

1    402 1 0 EDFB Reichelsheim
1302 airport_id EDFB
1302 city Reichelsheim
1302 country Germany
1302 faa_id 
1302 iata_code 
1302 icao_code EDFB
1302 state Hesse
100 30.00 3 0 0.00 0 0 0 08  50.33310776  008.87926060    0    0 0 0 0 0 26  50.33340022  008.88470679    0    0 0 0 0 0
100 23.00 1 0 0.00 0 2 0 18  50.34456571  008.87848901   70    0 1 7 0 2 36  50.33287603  008.87900380    0    0 2 0 0 2
102 H1  50.33557659  008.87713302 358.91 6.90 6.90 2 0 0 0.00 0
110 1 0.00 0.0000 New Taxiway 46
111  50.34420410  008.87866672
111  50.34433509  008.87878691
111  50.34456978  008.87877267
113  50.34456759  008.87864790
110 1 0.00 0.0000 Parallel taxiway
111  50.33299520  008.87884827
111  50.33298273  008.87830787
111  50.34378343  008.87782250
111  50.34380431  008.87786383
111  50.34380224  008.87836501
111  50.34390739  008.87836183
111  50.34390833  008.87787726
111  50.34377256  008.87765117
111  50.33287752  008.87811336
113  50.33289239  008.87885279
110 1 0.00 0.0000 New Taxiway 36
111  50.34386973  008.87790511
112  50.34390775  008.87787729  50.34390594  008.87765321
113  50.34377314  008.87765344
110 2 0.00 0.0000 Fueling area
111  50.33590846  008.87666111
111  50.33588186  008.87677221
111  50.33582867  008.87674642
111  50.33580461  008.87685951
111  50.33596418  008.87694284
113  50.33601990  008.87672063
110 2 0.00 0.0000 Heli area north
111  50.33605043  008.87654871
111  50.33594279  008.87692370
111  50.33591999  008.87702092
111  50.33583261  008.87708242
111  50.33579842  008.87715385
111  50.33630625  008.87702885
113  50.33637843  008.87671140
110 2 0.00 0.0000 Heli area south
111  50.33536897  008.87725433
111  50.33563998  008.87718886
111  50.33563492  008.87698053
111  50.33559946  008.87691109
113  50.33546269  008.87684761
110 1 0.00 0.0000 Main Apron area
111  50.33574992  008.87716271
112  50.33582747  008.87715078  50.33586906  008.87713721
111  50.33630915  008.87702250
111  50.33743175  008.87671271
111  50.33736489  008.87593557
112  50.33664435  008.87613995  50.33662416  008.87618045
111  50.33666016  008.87639801
111  50.33647114  008.87658572
111  50.33469510  008.87560106
111  50.33472973  008.87546165
111  50.33437775  008.87527041
111  50.33418534  008.87604270
111  50.33445399  008.87620996
112  50.33450630  008.87642109  50.33446571  008.87653237
111  50.33441338  008.87664854
112  50.33425308  008.87651880  50.33420373  008.87642004
111  50.33418379  008.87656731
111  50.33405983  008.87702058
111  50.33413895  008.87737858
111  50.33412990  008.87744965
111  50.33419986  008.87749279
111  50.33470279  008.87622313
111  50.33549466  008.87666139
111  50.33535961  008.87726524
111  50.33564075  008.87718619
113  50.33567637  008.87717859
110 2 0.00 0.0000 Northern bridge
111  50.33577354  008.87749553
111  50.33574126  008.87716245
111  50.33567670  008.87717509
113  50.33570903  008.87750501
110 1 0.00 0.0000 New Taxiway 40
111  50.33592510  008.87798779
112  50.33581483  008.87785205  50.33580222  008.87774099
111  50.33577387  008.87749419
111  50.33570928  008.87750407
111  50.33573449  008.87780022
112  50.33561634  008.87799520  50.33548716  008.87801000
113  50.33559901  008.87802975
110 1 0.00 0.0000 New Taxiway 39
111  50.33415841  008.87807000
112  50.33410911  008.87789393  50.33412179  008.87780196
111  50.33412800  008.87775979
111  50.33406135  008.87772933
111  50.33402479  008.87784104
112  50.33384702  008.87796933  50.33376569  008.87792858
111  50.33352821  008.87767851
111  50.33300808  008.87763918
112  50.33287340  008.87775632  50.33287162  008.87786344
111  50.33287849  008.87811708
111  50.33296194  008.87811894
111  50.33295807  008.87792318
112  50.33298944  008.87782322  50.33303300  008.87777197
111  50.33315450  008.87778699
112  50.33327303  008.87784046  50.33327323  008.87788671
111  50.33327123  008.87810440
111  50.33336033  008.87810721
111  50.33336718  008.87794803
112  50.33340162  008.87783002  50.33343500  008.87781995
111  50.33352785  008.87783363
113  50.33380277  008.87808258
110 1 0.00 0.0000 New Taxiway 34
111  50.33566317  008.87817911
112  50.33577058  008.87834514  50.33577344  008.87847752
111  50.33576915  008.87858073
112  50.33569754  008.87872656  50.33562593  008.87873554
111  50.33597250  008.87871534
112  50.33588514  008.87852912  50.33588228  008.87836085
111  50.33588514  008.87836533
114  50.33598396  008.87816116  50.33606559  008.87814995
110 2 0.00 0.0000 Southern bridge
111  50.33412691  008.87777161
111  50.33419918  008.87748904
111  50.33412978  008.87744913
113  50.33405520  008.87772916
110 1 0.00 0.0000 New Taxiway 33
111  50.33298314  008.87842726
112  50.33306110  008.87829907  50.33313672  008.87829660
113  50.33297923  008.87828780
110 1 0.00 0.0000 New Taxiway 32
111  50.33305327  008.87883813
112  50.33298710  008.87870734  50.33298553  008.87857901
113  50.33298553  008.87885047
110 1 0.00 0.0000 New Taxiway 35
111  50.33956665  008.87800560
112  50.33964950  008.87813929  50.33965692  008.87826486
111  50.33965017  008.87839639
112  50.33958981  008.87856537  50.33954144  008.87861125
111  50.33983051  008.87855267
112  50.33973730  008.87838866  50.33973504  008.87825382
111  50.33973933  008.87813330
114  50.33980913  008.87799361  50.33983495  008.87797166
110 1 0.00 0.0000 New Taxiway 37
111  50.34373860  008.87782457
111  50.34377304  008.87782296
112  50.34380415  008.87789021  50.34380415  008.87792853
111  50.34380231  008.87828755
112  50.34377065  008.87836153  50.34373477  008.87836370
111  50.34377137  008.87838542
111  50.34394352  008.87837469
111  50.34393827  008.87835734
112  50.34390733  008.87830418  50.34390702  008.87825338
111  50.34390618  008.87788751
113  50.34382125  008.87779226
110 3 0.00 0.0000 Grass parking
111  50.33550235  008.87665266
111  50.33470202  008.87619919
111  50.33419706  008.87749286
111  50.33467592  008.87751877
113  50.33535207  008.87732976
130 Airport Boundary 38
111  50.34725208  008.87903016
111  50.34728621  008.87785358
111  50.34392381  008.87659677
111  50.33699420  008.87520643
111  50.33380249  008.87467166
111  50.33073024  008.87771980
111  50.33076438  008.87932390
111  50.33366133  008.88620285
113  50.33383662  008.87977845
120 Fueling circle
111  50.33594656  008.87688511 1
112  50.33589004  008.87679985  50.33583353  008.87679985 1
111  50.33583667  008.87688511 1
114  50.33589423  008.87696546  50.33594656  008.87696382 1
120 Heli landing spot 1
111  50.33620821  008.87705236 1
112  50.33613324  008.87698185  50.33607881  008.87699497 1
115  50.33607425  008.87708352
120 Linear Feature 8
111  50.33563008  008.87719218 20
111  50.33562501  008.87698981 20
111  50.33559589  008.87693426 20
115  50.33545912  008.87686680
120 Fueling perimeter
111  50.33601050  008.87672621 20
111  50.33596102  008.87692894 20
111  50.33581164  008.87685440 20
111  50.33583258  008.87675900 20
111  50.33588681  008.87678435 20
113  50.33591155  008.87667106 20
120 Linear Feature 72
111  50.34421927  008.87870343 102
111  50.34432266  008.87880795 102
111  50.34458381  008.87879451 102
115  50.34458095  008.87868105
120 Linear Feature 71
111  50.33410657  008.87741569 102
111  50.33399967  008.87782636 102
116  50.33384048  008.87794628  50.33375593  008.87789385
120 Linear Feature 70
111  50.33565841  008.87719284 102
111  50.33572013  008.87782489 102
112  50.33560739  008.87795824  50.33551530  008.87797267 102
111  50.33415476  008.87803510 102
112  50.33412296  008.87789297  50.33412668  008.87777077 102
115  50.33421680  008.87753353
120 Linear Feature 69
111  50.34393695  008.87829398 102
112  50.34392353  008.87819836  50.34392353  008.87811178 102
111  50.34392546  008.87789109 102
112  50.34381388  008.87763427  50.34371356  008.87763551 102
111  50.33598149  008.87795393 102
112  50.33584407  008.87787085  50.33582067  008.87773420 102
115  50.33576128  008.87717860
120 Linear Feature 68
111  50.33977520  008.87848273 102
112  50.33975035  008.87840620  50.33974114  008.87832444 102
111  50.33975119  008.87815435 102
112  50.33981148  008.87802567  50.33986731  008.87801824 102
111  50.34372973  008.87784116 102
112  50.34379470  008.87795036  50.34379163  008.87808504 102
111  50.34379331  008.87824923 102
116  50.34376137  008.87831632  50.34372314  008.87834206
120 Linear Feature 67
111  50.33599586  008.87865131 102
112  50.33590916  008.87855138  50.33589944  008.87847869 102
111  50.33590665  008.87835727 102
112  50.33597002  008.87820446  50.33601576  008.87819222 102
111  50.33959061  008.87803514 102
112  50.33963452  008.87814853  50.33963796  008.87823556 102
111  50.33963806  008.87841290 102
116  50.33962001  008.87848492  50.33959545  008.87852821
120 Linear Feature 66
111  50.33300894  008.87877887 102
111  50.33299993  008.87842733 102
112  50.33303892  008.87832661  50.33308380  008.87830761 102
111  50.33566360  008.87820934 102
112  50.33575560  008.87833979  50.33575941  008.87842639 102
111  50.33575821  008.87853703 102
116  50.33572050  008.87864220  50.33568215  008.87869464
120 Linear Feature 65
111  50.33339183  008.87805018 102
115  50.33373335  008.87804713
120 Linear Feature 64
111  50.33297740  008.87807605 102
115  50.33324200  008.87806012
120 Linear Feature 63
111  50.33286962  008.87881471 102
115  50.33285125  008.87808800
120 Linear Feature 62
111  50.33596116  008.87807198 1
116  50.33577519  008.87782400  50.33574317  008.87753005
120 Linear Feature 61
111  50.33566550  008.87808570 1
116  50.33577497  008.87782403  50.33574660  008.87756628
120 Linear Feature 60
111  50.33582994  008.87830285 1
111  50.33577473  008.87782389 1
115  50.33570199  008.87709365
120 Linear Feature 59
111  50.33409720  008.87815287 1
116  50.33404884  008.87790414  50.33411448  008.87765804
120 Linear Feature 58
111  50.33378862  008.87816624 1
112  50.33405012  008.87790215  50.33412101  008.87764302 1
111  50.33418160  008.87739617 1
115  50.33457065  008.87641638
120 Linear Feature 57
111  50.33298597  008.87840101 5
115  50.33288499  008.87840682
120 Linear Feature 56
111  50.33589457  008.87829946 5
115  50.33576813  008.87830655
120 Linear Feature 55
111  50.33583185  008.87854025 1
116  50.33571169  008.87889019  50.33560231  008.87889498
120 Linear Feature 54
111  50.33566058  008.87808639 1
116  50.33583022  008.87832231  50.33583022  008.87856462
120 Linear Feature 53
111  50.33598059  008.87807102 1
112  50.33583022  008.87831558  50.33583022  008.87854667 1
111  50.33583130  008.87854273 1
116  50.33596104  008.87886765  50.33609709  008.87886316
120 Linear Feature 52
111  50.34390566  008.87790313 5
115  50.34380351  008.87790852
120 Linear Feature 51
111  50.33974116  008.87811720 5
115  50.33964731  008.87811999
120 Linear Feature 50
111  50.33969473  008.87848433 1
116  50.33958328  008.87869867  50.33945695  008.87871023
120 Linear Feature 49
111  50.33957092  008.87791965 1
116  50.33969251  008.87813720  50.33969349  008.87835482
120 Linear Feature 48
111  50.33980287  008.87791021 1
112  50.33969239  008.87813791  50.33969311  008.87835722 1
111  50.33969548  008.87848452 1
116  50.33979617  008.87869427  50.33989460  008.87869551
120 Linear Feature 47
111  50.34385703  008.87831675 1
112  50.34396217  008.87850819  50.34407938  008.87851072 1
111  50.34419013  008.87850439 1
112  50.34427420  008.87859813  50.34429280  008.87865513 1
112  50.34439223  008.87871593  50.34444154  008.87872226 1
111  50.34449166  008.87870326 1
112  50.34452480  008.87865133  50.34453531  008.87860826 1
112  50.34451672  008.87854239  50.34450459  008.87851832 1
116  50.34445528  008.87849679  50.34441729  008.87849552
120 Linear Feature 45
111  50.33321306  008.87898707 1
111  50.33302546  008.87899305 1
112  50.33293824  008.87876610  50.33293252  008.87853617 1
111  50.33293301  008.87840209 1
112  50.33303388  008.87819874  50.33314634  008.87819277 1
111  50.34376839  008.87773991 1
112  50.34385472  008.87788970  50.34385630  008.87803780 1
111  50.34385687  008.87830240 1
116  50.34376186  008.87851936  50.34365631  008.87852676
21  50.34290162  008.87899860 2 177.1900 3.00 PAPI 18
21  50.33381112  008.87860186 2 356.9600 3.00 PAPI 36
14  50.33536490  008.87666809  82.02 0 New Tower Viewpoint 19
1300  50.33514498  008.87647139 -69.15 tie_down jets Ramp start 2
1301 C none 
1300  50.33495692  008.87637886 292.95 tie_down props Ramp start 1
1301 B none 
1300  50.33613920  008.87705116 -191.89 tie_down helos Helipad 1
1301 B none 
19  50.33791833  008.87761900 1 New Windsock 20
54 12042 Reichelsheim Info
1200 
1201  50.33969419  008.87857672 both 0 Grunge1_Med.obj
1201  50.33583071  008.87865087 both 1 Grunge1_Med.obj
1201  50.33298007  008.87820127 both 2 _stop
1201  50.33564659  008.87659404 both 3 _stop
1201  50.33518155  008.87631939 both 4 _stop(split)
1201  50.33498957  008.87620719 both 5 _stop(split)(split)
1201  50.33398717  008.87815609 both 6 _stop(split)(split)
1201  50.34380079  008.87773764 both 7 _stop
1201  50.33969277  008.87791432 both 8 _stop(split)
1201  50.34385344  008.87783935 both 9 _stop
1201  50.33969226  008.87811304 both 10 _stop
1201  50.33971187  008.87870273 both 11 18/36_start(split)
1201  50.33580420  008.87808072 both 12 _stop(split)
1201  50.33570251  008.87711793 both 13 _stop(split)(split)
1201  50.34385987  008.87851979 both 14 18/36_start
1201  50.33294895  008.87900036 both 15 18/36_stop
1201  50.33582988  008.87830231 both 16 _stop
1201  50.33584242  008.87887291 both 17 18/36_start(split)
1201  50.33293223  008.87837240 both 18 _stop
1201  50.33418217  008.87739160 both 19 _stop
1201  50.33311653  008.87942461 both 20 _start
1201  50.33340080  008.88458132 both 21 _stop
1201  50.33301935  008.87899457 both 22 18/36_start(split)(split)
1201  50.33293852  008.87881106 both 23 18/36_stop(split)
1201  50.33471600  008.87604672 both 24 _stop
1202 10 8 twoway taxiway_E 
1202 16 12 twoway taxiway_E 
1202 12 13 twoway taxiway_E 
1202 13 3 twoway taxiway_E 
1202 3 4 twoway taxiway_E 
1202 4 5 twoway taxiway_E 
1202 5 24 twoway taxiway_E 
1202 23 18 twoway taxiway_E 
1204 departure 18,36
1204 arrival 18,36
1202 20 22 twoway taxiway_E 
1204 departure 08,18,26,36
1204 arrival 08,18,26,36
1202 22 23 twoway taxiway_E 
1204 departure 08,18,26,36
1204 arrival 08,18,26,36
1202 14 11 twoway runway 18/36
1204 departure 18,36
1204 arrival 18,36
1202 15 23 twoway taxiway_E 
1204 departure 18,36
1204 arrival 18,36
1202 17 22 twoway runway 18/36
1204 departure 18,36
1204 arrival 18,36
1204 ils 18,36
1202 23 18 twoway taxiway_E 
1204 departure 08,18,26,36
1204 arrival 08,18,26,36
1202 0 10 twoway taxiway_E 
1204 departure 18,36
1204 arrival 18,36
1202 14 9 twoway taxiway_E 
1204 departure 18,36
1204 arrival 18,36
1202 9 7 twoway taxiway_E 
1202 7 8 twoway taxiway_E 
1202 8 12 twoway taxiway_E 
1202 2 18 twoway taxiway_E 
1202 12 6 twoway taxiway_E 
1202 6 2 twoway taxiway_E 
1202 17 1 twoway taxiway_E 
1204 departure 18,36
1204 arrival 18,36
1202 1 16 twoway taxiway_E 
1204 departure 18,36
1204 arrival 18,36
1202 11 17 twoway runway 18/36
1204 departure 18,36
1204 arrival 18,36
1204 ils 18,36
1202 11 0 twoway taxiway_E 
1204 departure 18,36
1204 arrival 18,36
1202 20 21 twoway runway 08/26
1204 departure 08,26
1204 arrival 08,26
1202 19 6 twoway taxiway_E 
1202 24 19 twoway taxiway_E 
1202 22 15 twoway runway 18/36
1204 departure 18,36
1204 arrival 18,36
1204 ils 18,36
99
