I
1130 Generated by WorldEditor 2.4.0r2

1    410 0 0 EDFC Aschaffenburg
1302 city Aschaffenburg
1302 country Germany
1302 datum_lat 49.938833333
1302 datum_lon 9.0625
1302 faa_code 
1302 gui_label 3D
1302 iata_code 
1302 icao_code EDFC
1302 region_code ED
1302 state Bavaria
1302 transition_alt 
1302 transition_level 
100 20.12 1 0 0.25 0 2 0  08  49.93811385  009.05680583 186 0 1 0 0 0 26  49.93962141  009.06826774 136 0 1 0 0 0
100 28.00 3 0 0.30 0 0 0  07  49.93796313  009.05789510 0 0 0 0 0 0 25  49.93929263  009.06791664 0 0 0 0 0 0
110 1 0.40 350.0 New Taxiway 3
111  49.93836663  009.05605117 20
111  49.93838557  009.05616884 20
111  49.93846051  009.05613942 20
113  49.93844158  009.05602297 20
110 1 0.40 318.0 New Taxiway 4
111  49.93903126  009.05552172
111  49.93914446  009.05570629
111  49.93866965  009.05645454
111  49.93860498  009.05653980
111  49.93824895  009.05685356
111  49.93820168  009.05679457
111  49.93824139  009.05707820
111  49.93827814  009.05694743
111  49.93851775  009.05672729
112  49.93855217  009.05673398  49.93856508  009.05674735
111  49.93858229  009.05680530
111  49.94001673  009.06761235
112  49.94002067  009.06778273  49.94000884  009.06780112
111  49.93997649  009.06780848
111  49.93966059  009.06788048
111  49.93969554  009.06814375
111  49.94005775  009.06805118
112  49.94011140  009.06800338  49.94012402  009.06797028
111  49.94012165  009.06792370
111  49.93886024  009.05845472
112  49.93886202  009.05841789  49.93886498  009.05840407
111  49.93888039  009.05838564
111  49.93948260  009.05771705
111  49.93948793  009.05771982
111  49.93992654  009.05701712
111  49.93987006  009.05694215
111  49.93983379  009.05688727
111  49.93974729  009.05676028
111  49.94011487  009.05612584
111  49.93953578  009.05521020
111  49.93939203  009.05541777
113  49.93923575  009.05518483
111  49.93939392  009.05561737
111  49.93935154  009.05554240
112  49.93934646  009.05552646  49.93934451  009.05551633
111  49.93934526  009.05550598
111  49.93938290  009.05544584
111  49.93940142  009.05545276
113  49.93944474  009.05552757
111  49.93932416  009.05573184
111  49.93927787  009.05565688
112  49.93928891  009.05559609  49.93930978  009.05555962
111  49.93932872  009.05557381
113  49.93936915  009.05563459
111  49.93924201  009.05584328
111  49.93919898  009.05576932
112  49.93921349  009.05571792  49.93923566  009.05568145
111  49.93925179  009.05569639
113  49.93929547  009.05576932
111  49.93917029  009.05595370
111  49.93913247  009.05589089
112  49.93914410  009.05582872  49.93916627  009.05578921
111  49.93918007  009.05580478
113  49.93922245  009.05587063
111  49.93909726  009.05606513
111  49.93905880  009.05600435
112  49.93906923  009.05594906  49.93908944  009.05591461
111  49.93911161  009.05592634
113  49.93914616  009.05598105
111  49.93902228  009.05618467
111  49.93898903  009.05612895
112  49.93899700  009.05606454  49.93901721  009.05603010
111  49.93903728  009.05604385
113  49.93907640  009.05609856
111  49.93904380  009.05639639
111  49.93906793  009.05642779
112  49.93907771  009.05644907  49.93907966  009.05645413
111  49.93907640  009.05647947
112  49.93902228  009.05652200  49.93898643  009.05653112
111  49.93895317  009.05648453
111  49.93889189  009.05638727
111  49.93888211  009.05635080
112  49.93887167  009.05630724  49.93887363  009.05628394
111  49.93888067  009.05625414
111  49.93893492  009.05616846
112  49.93894926  009.05615428  49.93895709  009.05614921
111  49.93896817  009.05615934
113  49.93900729  009.05622012
111  49.93954133  009.05558499
111  49.93956729  009.05562532
112  49.93956778  009.05568545  49.93955994  009.05571742
111  49.93953496  009.05570981
111  49.93950655  009.05566338
111  49.93947960  009.05570752
111  49.93950802  009.05575395
112  49.93949920  009.05580571  49.93948401  009.05583311
111  49.93946589  009.05582474
111  49.93943013  009.05577602
111  49.93940907  009.05581104
111  49.93943944  009.05585213
112  49.93943111  009.05591455  49.93940858  009.05595488
111  49.93938800  009.05594195
111  49.93935469  009.05590237
111  49.93933608  009.05593357
111  49.93936400  009.05598381
112  49.93935469  009.05603861  49.93933412  009.05607438
111  49.93931648  009.05606068
111  49.93928415  009.05601501
111  49.93926701  009.05604622
111  49.93929395  009.05609493
112  49.93927926  009.05615734  49.93925525  009.05619387
111  49.93923762  009.05617941
111  49.93920605  009.05613868
111  49.93919344  009.05616167
111  49.93922117  009.05620672
112  49.93920589  009.05627402  49.93918277  009.05631362
111  49.93916854  009.05629428
111  49.93913535  009.05624916
111  49.93912172  009.05626850
111  49.93915373  009.05633196
112  49.93913535  009.05638638  49.93911164  009.05642321
111  49.93909979  009.05641124
113  49.93906154  009.05635346
112  49.93907805  009.05662698  49.93907458  009.05660001
111  49.93908066  009.05657574
111  49.93912665  009.05650834
111  49.93917237  009.05657569
113  49.93910669  009.05668226
112  49.93916136  009.05647193  49.93917264  009.05647328
111  49.93918306  009.05648675
111  49.93922075  009.05654330
111  49.93919902  009.05657750
113  49.93913967  009.05649216
111  49.93920544  009.05645291
112  49.93920781  009.05637739  49.93922381  009.05634792
112  49.93925760  009.05637279  49.93927420  009.05640042
111  49.93928677  009.05643108
113  49.93923934  009.05650330
111  49.93928012  009.05633872
112  49.93928131  009.05626136  49.93930087  009.05622728
112  49.93932991  009.05625859  49.93934591  009.05627793
111  49.93935540  009.05631017
113  49.93931331  009.05638108
111  49.93934769  009.05621623
112  49.93935184  009.05614808  49.93936844  009.05611953
112  49.93939867  009.05614347  49.93941289  009.05616281
111  49.93942949  009.05619413
113  49.93938503  009.05626596
111  49.93941882  009.05610295
112  49.93942534  009.05603204  49.93944608  009.05599704
112  49.93947394  009.05603480  49.93948994  009.05605414
111  49.93949706  009.05607901
113  49.93945438  009.05614992
111  49.93950061  009.05598599
112  49.93950239  009.05590956  49.93952492  009.05586811
111  49.93954448  009.05589022
111  49.93957945  009.05595284
113  49.93953321  009.05602836
111  49.93959321  009.05582205
112  49.93959841  009.05575732  49.93961924  009.05572227
111  49.93963399  009.05574654
111  49.93966176  009.05578025
111  49.93968433  009.05574384
111  49.93970081  009.05576946
113  49.93963101  009.05587456
111  49.93961729  009.05612079
111  49.93966465  009.05619269
112  49.93964721  009.05622459  49.93963156  009.05624688
111  49.93960597  009.05624537
113  49.93957533  009.05619573
111  49.93953898  009.05623955
111  49.93958381  009.05630869
112  49.93956554  009.05635477  49.93954729  009.05638820
111  49.93954012  009.05638821
113  49.93949399  009.05631654
111  49.93946587  009.05636380
111  49.93950687  009.05642165
112  49.93949383  009.05647129  49.93947231  009.05650573
111  49.93945797  009.05649231
113  49.93941958  009.05643674
111  49.93939835  009.05647489
111  49.93942798  009.05652193
112  49.93942080  009.05658778  49.93939994  009.05662121
111  49.93937973  009.05660399
113  49.93935075  009.05655695
111  49.93932627  009.05659993
111  49.93935952  009.05664452
112  49.93934794  009.05670655  49.93932708  009.05674379
111  49.93931127  009.05672656
113  49.93927935  009.05668284
111  49.93926039  009.05671793
111  49.93929092  009.05676030
112  49.93928813  009.05679951  49.93927443  009.05682181
111  49.93925715  009.05680356
113  49.93923303  009.05676406
111  49.93915914  009.05694086 1
111  49.93914838  009.05700497 1
111  49.93881345  009.05754483 1
112  49.93877544  009.05757493  49.93875321  009.05757827 1
111  49.93874604  009.05756267 1
111  49.93868364  009.05709243 1
112  49.93869583  009.05700997  49.93871161  009.05697208 1
111  49.93874675  009.05698210
111  49.93871018  009.05690187
111  49.93888230  009.05671801
111  49.93896263  009.05689629
113  49.93906017  009.05679601
112  49.93877810  009.05775814  49.93878097  009.05774477 1
111  49.93880320  009.05771022 1
111  49.93909581  009.05724108
111  49.93922061  009.05742161
111  49.93924714  009.05738930
111  49.93928157  009.05745504
111  49.93926220  009.05748847
111  49.93940206  009.05770020 1
111  49.93891149  009.05824622 1
112  49.93886560  009.05826404  49.93884049  009.05825513 1
111  49.93883476  009.05822950 1
113  49.93877881  009.05781162 1
111  49.93918761  009.05708730
111  49.93925360  009.05718425
111  49.93918044  009.05732578
113  49.93911088  009.05721657
110 2 0.40 325.0 New Taxiway 30
111  49.93874675  009.05698210
111  49.93880519  009.05710540
111  49.93885143  009.05705660
111  49.93883898  009.05702712
111  49.93896263  009.05689629
111  49.93888230  009.05671801
113  49.93871018  009.05690187
110 1 0.40 340.0 New Taxiway 56
111  49.93996991  009.06250769
111  49.94022574  009.06237124
111  49.94019424  009.06223478
113  49.93993936  009.06236976
110 2 0.40 340.0 New Taxiway 55
111  49.93976658  009.06246320
111  49.93980095  009.06260262
111  49.93996991  009.06250769
113  49.93993936  009.06236976
110 2 0.40 340.5 New Taxiway 31
111  49.94161407  009.06428558
111  49.94149415  009.06377715
111  49.94089909  009.06410102
113  49.94101167  009.06461579
111  49.94103796  009.06445100
111  49.94105221  009.06450754
111  49.94102423  009.06452255
113  49.94101070  009.06446758
111  49.94114465  009.06438930
111  49.94115795  009.06444877
111  49.94109969  009.06448105
113  49.94108598  009.06442153
111  49.94124838  009.06433220
111  49.94126067  009.06439282
111  49.94121088  009.06442082
113  49.94119444  009.06436075
111  49.94135922  009.06427232
111  49.94136884  009.06433278
111  49.94131606  009.06436257
113  49.94130350  009.06430549
111  49.94146472  009.06421246
111  49.94147808  009.06427369
111  49.94142103  009.06430455
113  49.94140604  009.06424930
111  49.94141787  009.06402805
111  49.94139410  009.06391998
111  49.94144211  009.06389235
113  49.94146885  009.06399950
111  49.94131000  009.06408331
111  49.94128866  009.06397832
111  49.94133667  009.06395069
113  49.94136334  009.06405568
111  49.94120627  009.06414501
111  49.94118078  009.06403726
111  49.94123294  009.06400801
113  49.94125724  009.06411738
111  49.94110077  009.06420579
111  49.94107728  009.06409471
111  49.94112736  009.06406660
113  49.94115411  009.06417264
111  49.94099289  009.06426013
111  49.94097149  009.06415238
111  49.94102245  009.06412370
113  49.94104861  009.06422790
110 1 0.40 340.0 New Taxiway 31
111  49.93976407  009.06529341
112  49.93978403  009.06526105  49.93978750  009.06525431
111  49.93981527  009.06524892
112  49.93990987  009.06521656  49.93995499  009.06519903
111  49.93999144  009.06517745
111  49.94104391  009.06459841
111  49.94099351  009.06437163
111  49.94095886  009.06439121
111  49.94091261  009.06415985
111  49.94093622  009.06414715
111  49.94091958  009.06406529
111  49.94036373  009.06437107
111  49.94034150  009.06429418
111  49.94035656  009.06410251
111  49.94033720  009.06402562
111  49.94032214  009.06396098
111  49.93989469  009.06419277
111  49.93998434  009.06457500
111  49.93986313  009.06464966
111  49.93972041  009.06469869
111  49.93968168  009.06467975
111  49.93969961  009.06481347
111  49.93972400  009.06478338
112  49.93988106  009.06472655  49.93991405  009.06471206
112  49.93996928  009.06467752  49.93999580  009.06466419
111  49.94010339  009.06460620
111  49.94014571  009.06479564
111  49.94013495  009.06488367
111  49.94016131  009.06499595
111  49.93994973  009.06511185
112  49.93981795  009.06516449  49.93978926  009.06517564
113  49.93974336  009.06515446
111  49.94022495  009.06487360
111  49.94024410  009.06495110
111  49.94021612  009.06496611
113  49.94019769  009.06489018
111  49.94033164  009.06481190
111  49.94034984  009.06489234
111  49.94029158  009.06492462
113  49.94027297  009.06484413
111  49.94043537  009.06475480
111  49.94045256  009.06483639
111  49.94040277  009.06486439
113  49.94038143  009.06478335
111  49.94054621  009.06469493
111  49.94056073  009.06477635
111  49.94050795  009.06480614
113  49.94049049  009.06472809
111  49.94065171  009.06463507
111  49.94066997  009.06471726
111  49.94061292  009.06474812
113  49.94059303  009.06467191
111  49.94075544  009.06458073
111  49.94077204  009.06466086
111  49.94072165  009.06468807
113  49.94070506  009.06460560
111  49.94087102  009.06451995
111  49.94088726  009.06459731
111  49.94083249  009.06462766
113  49.94081827  009.06454942
111  49.94095993  009.06446930
111  49.94097555  009.06454905
111  49.94094354  009.06456600
113  49.94092555  009.06448864
111  49.94082239  009.06433370
111  49.94079927  009.06422226
111  49.94085389  009.06419256
113  49.94088048  009.06430146
111  49.94070977  009.06439264
111  49.94068823  009.06428431
111  49.94074158  009.06425392
113  49.94076727  009.06436225
111  49.94060486  009.06445066
111  49.94058109  009.06434259
111  49.94062910  009.06431496
113  49.94065584  009.06442211
111  49.94049699  009.06450592
111  49.94047565  009.06440093
111  49.94052366  009.06437330
113  49.94055033  009.06447829
111  49.94039326  009.06456762
111  49.94036777  009.06445987
111  49.94041993  009.06443062
113  49.94044423  009.06453999
111  49.94028776  009.06462840
111  49.94026427  009.06451732
111  49.94031435  009.06448921
113  49.94034110  009.06459525
111  49.94017988  009.06468274
111  49.94015848  009.06457499
111  49.94020944  009.06454631
113  49.94023560  009.06465051
111  49.93996117  009.06427199
111  49.93997717  009.06421858
111  49.94000799  009.06420108
111  49.94003229  009.06430054
111  49.94008445  009.06438343
111  49.94011290  009.06450776
113  49.94002643  009.06455694
111  49.94014195  009.06440185
111  49.94019885  009.06436869
111  49.94021604  009.06445158
113  49.94015748  009.06448400
111  49.94024271  009.06434659
111  49.94029665  009.06431896
111  49.94031318  009.06439835
113  49.94025812  009.06442948
111  49.94025931  009.06416516
111  49.94023915  009.06407583
111  49.94029072  009.06404912
113  49.94031206  009.06413385
111  49.94015439  009.06421489
111  49.94013365  009.06413108
111  49.94018996  009.06410254
113  49.94021011  009.06418358
111  49.94005659  009.06427291
111  49.94003822  009.06418818
111  49.94009216  009.06416056
113  49.94011172  009.06424160
110 2 0.40 340.0 New Taxiway 53
111  49.94093622  009.06414715
111  49.94100287  009.06410977
111  49.94101757  009.06408922
111  49.94123408  009.06396361
111  49.94126473  009.06394655
111  49.94119243  009.06364134
111  49.94115424  009.06347279
111  49.94017102  009.06401080
111  49.94012677  009.06397978
111  49.94011375  009.06393529
111  49.94014759  009.06365887
111  49.94006428  009.06330290
111  49.94001569  009.06332717
112  49.94002177  009.06337907  49.94002014  009.06339422
112  49.93998184  009.06351190  49.93996993  009.06352957
112  49.93960261  009.06372224  49.93959015  009.06371719
111  49.93954621  009.06368314
111  49.93957832  009.06392045
112  49.93961303  009.06380449  49.93962657  009.06378597
112  49.94004346  009.06356853  49.94005339  009.06356993
112  49.94007643  009.06359685  49.94008365  009.06361228
111  49.94009900  009.06370067
112  49.94002957  009.06394742  49.94003047  009.06395864
112  49.94004335  009.06402164  49.94004290  009.06403146
112  49.94002263  009.06409574  49.94001541  009.06410415
112  49.93969026  009.06427777  49.93967141  009.06427070
111  49.93962084  009.06422519
111  49.93965468  009.06448542
112  49.93970457  009.06436374  49.93972342  009.06433546
112  49.93986903  009.06427642  49.93988398  009.06428147
112  49.93990548  009.06430339  49.93991263  009.06432056
112  49.93995321  009.06451643  49.93995141  009.06453045
112  49.93993411  009.06458250  49.93992554  009.06459372
112  49.93985254  009.06462700  49.93983720  009.06463471
112  49.93973973  009.06466475  49.93972845  009.06465949
111  49.93966423  009.06459599
111  49.93968072  009.06473891
111  49.94001482  009.06459464
111  49.93993325  009.06422654
111  49.94029772  009.06401754
111  49.94033720  009.06402562
111  49.94039318  009.06396900
111  49.94041401  009.06406338
111  49.94039869  009.06424489
111  49.94042314  009.06435276
111  49.94046496  009.06432824
111  49.94044208  009.06423018
111  49.94050440  009.06418973
111  49.94052965  009.06429882
111  49.94057619  009.06426940
111  49.94055095  009.06416766
111  49.94061090  009.06413947
111  49.94063773  009.06423754
111  49.94068191  009.06420811
111  49.94065745  009.06411495
111  49.94072386  009.06406840
111  49.94074223  009.06414024
111  49.94073097  009.06418168
111  49.94080803  009.06414024
111  49.94078254  009.06411905
111  49.94076594  009.06404630
111  49.94083351  009.06401038
113  49.94085781  009.06411169
111  49.94045310  009.06402256
111  49.94043733  009.06394451
111  49.94050164  009.06390872
111  49.94051945  009.06398589
111  49.94056443  009.06396237
111  49.94054706  009.06388453
111  49.94060762  009.06385079
111  49.94062588  009.06393330
111  49.94066908  009.06390909
111  49.94065193  009.06382692
111  49.94071862  009.06378973
111  49.94073632  009.06387034
111  49.94078130  009.06384820
111  49.94076382  009.06376568
111  49.94083073  009.06372780
111  49.94084943  009.06380737
111  49.94089574  009.06378108
111  49.94087649  009.06370324
111  49.94093805  009.06366898
111  49.94095408  009.06374648
111  49.94099861  009.06371950
111  49.94098069  009.06364494
111  49.94104437  009.06361034
111  49.94106185  009.06368697
111  49.94110816  009.06366552
111  49.94108935  009.06358544
111  49.94112954  009.06356312
111  49.94114780  009.06363992
111  49.94115626  009.06385166
111  49.94117473  009.06392472
111  49.94111484  009.06395891
111  49.94109837  009.06389179
111  49.94105472  009.06391670
111  49.94106980  009.06398251
111  49.94100646  009.06401753
112  49.94098999  009.06394131  49.94098999  009.06393302
111  49.94094909  009.06396894
111  49.94096332  009.06404077
111  49.94091958  009.06406529
111  49.94090405  009.06408406
113  49.94088330  009.06398551
110 3 0.30 312.0 New Taxiway 59
111  49.93900379  009.05988082
111  49.93868079  009.06047463
111  49.93873998  009.06089503
112  49.93887865  009.06052193  49.93896490  009.06035902
113  49.93906636  009.06030122
110 3 0.30 25.0 New Taxiway 60
111  49.93915740  009.06411444
111  49.93922331  009.06456130
112  49.93942151  009.06460956  49.93955730  009.06471939
111  49.93966147  009.06486101
111  49.93961125  009.06443325
114  49.93937872  009.06435810  49.93927827  009.06427717
110 5 0.30 85.0 New Taxiway 2
111  49.93891385  009.05746747
112  49.93900592  009.05755578  49.93902544  009.05762819
112  49.93907072  009.05798674  49.93907565  009.05810949
111  49.93906504  009.05814393
111  49.93917076  009.05799734
112  49.93910823  009.05791786  49.93909024  009.05786634
112  49.93904036  009.05746266  49.93903846  009.05740673
113  49.93904720  009.05730149
110 3 0.30 312.0 gras underlay 1
111  49.93881134  009.05584127
111  49.93881375  009.05588900
111  49.93833748  009.05605040
112  49.93809162  009.05656673  49.93807656  009.05662520
112  49.93815890  009.05699441  49.93820283  009.05702997
112  49.93855273  009.05667156  49.93861586  009.05666227
112  49.93882195  009.05837578  49.93883862  009.05845965
111  49.93946343  009.05772306
111  49.93992098  009.05701070
111  49.93957096  009.05644917
111  49.93984139  009.05601540
111  49.93943397  009.05523413
111  49.93930051  009.05504794
113  49.93911879  009.05536407
110 3 0.30 340.0 New Taxiway 6
112  49.93882727  009.05839834  49.93882727  009.05842863
112  49.94007281  009.06785129  49.94005783  009.06790073
111  49.93954690  009.06807151
112  49.93964792  009.06845572  49.93974686  009.06842141
112  49.94027170  009.06827306  49.94028110  009.06825786
112  49.94029512  009.06822723  49.94029544  009.06821019
112  49.94028437  009.06814394  49.94027810  009.06809767
112  49.93990689  009.06538944  49.93990990  009.06537249
112  49.93992720  009.06535355  49.93993622  009.06534362
112  49.94024003  009.06514677  49.94025041  009.06511170
111  49.94011949  009.06459167
111  49.94000364  009.06461156
111  49.93991281  009.06422053
112  49.94090288  009.06363949  49.94096305  009.06354903
111  49.94090288  009.06363949
112  49.94090288  009.06363949  49.94095528  009.06307260
112  49.94047033  009.06178016  49.94025608  009.06157390
111  49.94047033  009.06178016
112  49.94047033  009.06178016  49.94041444  009.06178739
112  49.93955323  009.06226066  49.93953638  009.06222576
114  49.93898377  009.05821805  49.93896583  009.05820957
110 3 0.30 168.3 gras underlay 2
111  49.93812956  009.05647717
112  49.93752665  009.05770141  49.93753193  009.05781472
112  49.93902155  009.06861065  49.93905345  009.06865401
114  49.93964800  009.06845675  49.93972146  009.06843079
130 Airport Boundary 1
111  49.93862513  009.05545750
111  49.93751297  009.05764224
111  49.93899084  009.06872295
111  49.94035020  009.06830813
111  49.93994851  009.06533509
111  49.94196620  009.06423847
111  49.94116470  009.06131411
111  49.93957221  009.06222306
111  49.93901941  009.05838363
111  49.94003623  009.05724367
111  49.94050495  009.05662224
111  49.93918742  009.05436697
113  49.93892900  009.05471783
120 Linear Feature 92
111  49.93843480  009.05607652 20
115  49.93841432  009.05608482
120 Linear Feature 91
111  49.93842010  009.05604399 20
115  49.93842500  009.05608066
120 Linear Feature 90
111  49.93843925  009.05609519 20
115  49.93842056  009.05614017
120 Linear Feature 89
111  49.93839245  009.05613588 20
115  49.93840849  009.05612890
120 Linear Feature 88
111  49.93838868  009.05611467 20
115  49.93840583  009.05610782
120 Linear Feature 87
111  49.93840192  009.05614588 20
111  49.93839506  009.05609564 20
115  49.93840436  009.05609260
120 Linear Feature 86
111  49.93985140  009.06809796 4
115  49.93982299  009.06784299
120 Linear Feature 85
111  49.93839966  009.05683590 4
115  49.93836717  009.05674741
120 Linear Feature 84
111  49.93914753  009.05691864 5
115  49.93922232  009.05679987
120 Linear Feature 83
111  49.93907899  009.05657690 5
115  49.93904020  009.05651578
120 Linear Feature 82
111  49.93887205  009.05629196 5
115  49.93882447  009.05621193
120 Linear Feature 81
111  49.93912343  009.05574170 2
115  49.93916162  009.05580424
120 Linear Feature 80
111  49.94000965  009.06353891 1
115  49.93954629  009.06379978
120 Linear Feature 79
111  49.94003992  009.06331478 1
115  49.94011345  009.06364178
120 Linear Feature 75
111  49.93966165  009.06467220 1
112  49.93969160  009.06470663  49.93970887  009.06471656 1
115  49.93975606  009.06471820
120 Linear Feature 74
111  49.94143922  009.06384682 1
111  49.94002539  009.06460298 1
111  49.93996672  009.06463198 1
112  49.93984245  009.06468850  49.93981677  009.06469822 1
111  49.93975609  009.06471818 1
112  49.93969971  009.06476226  49.93968214  009.06478919 1
115  49.93968027  009.06481202
120 Linear Feature 78
111  49.94002538  009.06460303 1
112  49.94000394  009.06459114  49.93999344  009.06457825 1
115  49.93998855  009.06456085
120 Linear Feature 77
111  49.93996663  009.06463200 1
112  49.93998610  009.06459738  49.93999051  009.06457988 1
111  49.93998855  009.06456085 1
111  49.93992578  009.06427512 1
112  49.93992561  009.06422314  49.93993051  009.06419954 1
111  49.93994994  009.06418205 1
115  49.94112896  009.06351623
120 Linear Feature 76
111  49.93973061  009.06518905 1
112  49.93975291  009.06521594  49.93976582  009.06522217 1
115  49.93979590  009.06521816
120 Linear Feature 73
111  49.93974508  009.06529436 1
112  49.93975500  009.06524763  49.93976508  009.06522921 1
111  49.93979590  009.06521816 1
112  49.93988780  009.06518905  49.93993048  009.06517524 1
111  49.93997370  009.06514703 1
115  49.94154047  009.06428785
120 Linear Feature 72
111  49.93883330  009.05846562 1
111  49.93973061  009.06518905 1
111  49.93974494  009.06529436 1
111  49.94006637  009.06775336 1
112  49.94005288  009.06786628  49.94003608  009.06793034 1
111  49.94000458  009.06793746 1
111  49.93965836  009.06801957 1
112  49.93961063  009.06801832  49.93959821  009.06800794 1
115  49.93958076  009.06796860
120 Linear Feature 71
111  49.93984925  009.05704881 1
111  49.93944842  009.05769574 1
112  49.93942309  009.05772969  49.93941492  009.05773928 1
111  49.93940119  009.05775522 1
115  49.93891875  009.05828645
120 Linear Feature 65
111  49.93883745  009.05759407 1
112  49.93875165  009.05763268  49.93871846  009.05761979 1
115  49.93871540  009.05758663
120 Linear Feature 64
111  49.93874322  009.05778964 1
112  49.93874438  009.05773999  49.93875124  009.05771411 1
111  49.93876182  009.05769577 1
111  49.93883736  009.05759406 1
115  49.93929207  009.05685334
120 Linear Feature 63
111  49.93888005  009.05832908 1
112  49.93883351  009.05831385  49.93880657  009.05828569 1
115  49.93880229  009.05823740
120 Linear Feature 70
111  49.93957653  009.05573698 1
111  49.93906752  009.05654091 1
112  49.93901893  009.05657041  49.93899145  009.05657459 1
112  49.93894097  009.05654837  49.93892304  009.05653722 1
115  49.93889177  009.05648964
120 Linear Feature 69
111  49.93891616  009.05660450 1
112  49.93889808  009.05672385  49.93888625  009.05676430 1
115  49.93886653  009.05679862
120 Linear Feature 68
111  49.93883639  009.05626404 1
112  49.93882766  009.05632365  49.93882766  009.05635258 1
115  49.93885219  009.05641437
120 Linear Feature 67
111  49.93870266  009.05648578 1
112  49.93868999  009.05654355  49.93869258  009.05657247 1
115  49.93870845  009.05659719
120 Linear Feature 66
111  49.93860420  009.05671852 1
112  49.93860275  009.05662837  49.93861004  009.05659063 1
111  49.93863261  009.05656564 1
112  49.93866959  009.05656385  49.93868983  009.05657014 1
111  49.93870845  009.05659719 1
112  49.93875308  009.05662298  49.93878392  009.05663412 1
112  49.93887527  009.05665457  49.93889894  009.05665011 1
111  49.93891615  009.05660442 1
112  49.93891830  009.05655205  49.93891400  009.05653087 1
111  49.93889177  009.05648964 1
111  49.93885219  009.05641437 1
112  49.93880660  009.05637846  49.93878211  009.05637617 1
115  49.93875886  009.05640040
120 Linear Feature 62
111  49.93851989  009.05667533 1
112  49.93856385  009.05667865  49.93858135  009.05668632 1
111  49.93860416  009.05671850 1
111  49.93871539  009.05758675 1
111  49.93874351  009.05779026 1
111  49.93880225  009.05823731 1
112  49.93883333  009.05846612  49.93883356  009.05847011 1
112  49.93883890  009.05837855  49.93885458  009.05835039 1
111  49.93888005  009.05832908 1
115  49.93891875  009.05828645
120 Linear Feature 61
111  49.93918028  009.05571795 1
111  49.93884955  009.05624475 1
111  49.93875886  009.05640040 1
111  49.93870271  009.05648587 1
112  49.93866517  009.05652926  49.93865008  009.05654486 1
111  49.93863258  009.05656568 1
112  49.93859183  009.05660517  49.93857580  009.05661970 1
111  49.93851992  009.05667537 1
111  49.93823749  009.05692266 1
112  49.93816485  009.05703699  49.93815417  009.05707643 1
115  49.93815737  009.05713562
21  49.93950210  009.06554791 3 261.6 3.00 New Light Fixture 3
20  49.93981496  009.06777651 172.1 0 1 {@R}26
20  49.93986050  009.06816669 169.9 0 1 {@R}26
20  49.93835490  009.05672180 151.1 0 1 {@R}08
20  49.93840424  009.05686011 151.1 0 1 {@R}08
20  49.93881787  009.06302504 77.7 0 1 {@Y}1/2{@@}{@Y}1/2
20  49.93834715  009.06318920 256.4 0 1 {@Y}1/2{@@}1/2
20  49.93906312  009.06293058 78.4 0 1 {@Y}1/2{@@}{@Y}1/2
14  49.93879959  009.05584112 49 0 Aschaffenburg
1300  49.93917505  009.05553255 -229.2 tie_down props Main ramp
1301 A none 
1300  49.93899409  009.05684303 232.7 tie_down props Fueling area
1301 A none 
1300  49.93884142  009.05725006 229.8 tie_down props|helos Fueling area
1301 A none 
1300  49.94006539  009.06343121 69.9 tie_down props East ramp 1
1301 A none 
1300  49.93983674  009.06387714 252.1 tie_down props East ramp 2
1301 A general_aviation 
1300  49.93923121  009.05762356 226.6 tie_down props Gras parking
1301 A none 
1300  49.93921461  009.05696861 137.4 tie_down props Gras parking
1301 A none 
19  49.94026673  009.06798501 1 New Windsock 2
19  49.93891067  009.05696496 1 New Windsock 1
1054 132430 Aschaffenburg Info
1200 
1201  49.93883343  009.05831216 both 0 N_stop
1201  49.93881217  009.05827830 both 1 N_split
1201  49.93883024  009.05844153 both 2 N_stop
1201  49.93883842  009.05837629 both 3 N_stop
1201  49.93883114  009.05840552 both 4 N_split
1201  49.93887991  009.05832926 both 5 N_stop
1201  49.93885655  009.05835164 both 6 N_split
1201  49.93885406  009.05833109 both 7 N_split
1201  49.93899827  009.05819519 both 8 N_stop
1201  49.93918106  009.05799807 both 9 N_stop
1201  49.93936521  009.05779460 both 10 N_start
1201  49.93859127  009.05660563 both 11 N_stop
1201  49.93877636  009.05767400 both 12 N_stop
1201  49.93875051  009.05763800 both 13 N_stop
1201  49.93878714  009.05762987 both 14 N_stop
1201  49.93882567  009.05760696 both 15 N_stop
1201  49.93914544  009.05709223 both 16 N_start
1201  49.93918285  009.05572867 both 17 _start
1201  49.93884052  009.05626529 both 18 _stop
1201  49.93876025  009.05639890 both 19 _split
1201  49.93872863  009.05643887 both 20 _split
1201  49.93869702  009.05647884 both 21 _split
1201  49.93863236  009.05656617 both 22 _split
1201  49.93861579  009.05659113 both 23 _split
1201  49.93860405  009.05662222 both 24 _split
1201  49.93859910  009.05666334 both 25 _split
1201  49.93891615  009.05654685 both 26 _start
1201  49.93888876  009.05647919 both 27 _split
1201  49.93885148  009.05641513 both 28 _split
1201  49.93883019  009.05634003 both 29 _split
1201  49.94000962  009.06354015 both 30 _start
1201  49.94005361  009.06786446 both 31 _stop
1201  49.94000481  009.06794027 both 32 _split
1201  49.93851632  009.05666544 both 33 _stop
1201  49.93853875  009.05666150 both 34 _split
1201  49.93855553  009.05666180 both 35 _split
1201  49.93856915  009.05667178 both 36 _split
1201  49.93860296  009.05671371 both 37 _stop(split)
1201  49.93871080  009.05757877 both 38 _split
1201  49.93873558  009.05776625 both 39 _split
1201  49.93874344  009.05782040 both 40 _split
1201  49.93880212  009.05823646 both 41 _split
1201  49.93883540  009.05848303 both 42 _split
1201  49.93885615  009.05863250 both 43 _split
1201  49.93896518  009.05944484 both 44 _split
1201  49.93905853  009.06012935 both 45 _split
1201  49.93915234  009.06086936 both 46 _split
1201  49.93935895  009.06236992 both 47 _split
1201  49.93954299  009.06378746 both 48 _stop(split)
1201  49.93978501  009.06559594 both 49 _split
1201  49.94006227  009.06775452 both 50 _split
1201  49.93838458  009.05678405 both 51 _stop
1201  49.93823469  009.05691821 both 52 _stop
1201  49.93988237  009.06796801 both 53 _stop
1201  49.93959053  009.06803482 both 54 _stop
1201  49.93815282  009.05709785 both 55 _start
1201  49.93815566  009.05702822 both 56 _split
1201  49.93817942  009.05698069 both 57 _split
1202 0 1 twoway taxiway_A N
1202 1 41 twoway taxiway_A N
1202 5 7 twoway taxiway_A N
1202 7 0 twoway taxiway_A N
1202 2 42 twoway taxiway_A N
1202 3 4 twoway taxiway_A N
1202 4 2 twoway taxiway_A N
1202 5 6 twoway taxiway_A N
1202 6 3 twoway taxiway_A N
1202 8 5 twoway taxiway_A N
1202 9 8 twoway taxiway_A N
1202 10 9 twoway taxiway_A N
1202 11 33 twoway taxiway_A N
1202 22 11 twoway taxiway_A N
1202 39 40 twoway taxiway_A N
1202 12 39 twoway taxiway_A N
1202 15 12 twoway taxiway_A N
1202 13 38 twoway taxiway_A N
1202 14 13 twoway taxiway_A N
1202 15 14 twoway taxiway_A N
1202 16 15 twoway taxiway_A N
1202 17 18 twoway taxiway_A 
1202 18 19 twoway taxiway_A 
1202 19 20 twoway taxiway_A 
1202 20 21 twoway taxiway_A 
1202 21 22 twoway taxiway_A 
1202 22 23 twoway taxiway_A 
1202 23 24 twoway taxiway_A 
1202 24 25 twoway taxiway_A 
1202 25 37 twoway taxiway_A 
1202 26 27 twoway taxiway_A 
1202 27 28 twoway taxiway_A 
1202 28 29 twoway taxiway_A 
1202 29 18 twoway taxiway_A 
1202 30 48 twoway taxiway_A 
1202 31 32 twoway taxiway_E 
1202 32 53 twoway taxiway_E 
1202 33 34 twoway taxiway_A 
1202 34 35 twoway taxiway_A 
1202 35 36 twoway taxiway_A 
1202 36 37 twoway taxiway_A 
1202 37 38 twoway taxiway_A 
1202 38 39 twoway taxiway_A 
1202 39 40 twoway taxiway_A 
1202 40 41 twoway taxiway_A 
1202 41 42 twoway taxiway_A 
1202 42 43 twoway taxiway_A 
1202 43 44 twoway taxiway_A 
1202 44 45 twoway taxiway_A 
1202 45 46 twoway taxiway_A 
1202 46 47 twoway taxiway_A 
1202 47 48 twoway taxiway_A 
1202 48 49 twoway taxiway_A 
1202 49 50 twoway taxiway_A 
1202 50 31 twoway taxiway_A 
1202 51 33 twoway taxiway_A 
1202 52 51 twoway taxiway_A 
1204 departure 08,26
1204 arrival 08,26
1202 55 56 twoway taxiway_A 
1204 departure 08,26
1204 arrival 08,26
1202 56 57 twoway taxiway_A 
1204 departure 08,26
1204 arrival 08,26
1202 57 52 twoway taxiway_A 
1204 departure 08,26
1204 arrival 08,26
1202 54 53 twoway taxiway_A 
1204 departure 08,26
1204 arrival 08,26
1202 55 54 twoway runway 08/26
1204 departure 08,26
1204 arrival 08,26
1204 ils 08,26
99
