I
1130 Generated by WorldEditor 2.3.1r1

1    387 0 0 EDFE Frankfurt-Egelsbach
1302 city Egelsbach
1302 country Germany
1302 datum_lat 49.960833333
1302 datum_lon 8.6415
1302 faa_code 
1302 gui_label 3D
1302 iata_code QEF
1302 icao_code EDFE
1302 region_code ED
1302 state Hesse
1302 transition_alt 5000
1302 transition_level 
100 24.99 1 0 0.00 0 1 0 08  49.96031800  008.63090200   61    0 2 0 0 0 26  49.96127500  008.65119600  235    0 2 0 0 0
100 29.87 3 0 0.00 0 0 0 08R  49.95943044  008.64097577  256    0 1 0 0 0 26L  49.95986587  008.65112703  173    0 1 0 0 0
102 H10  49.96194709  008.63748885   5.00 9.20 9.40 2 0 0 0.00 0
102 H11  49.96196529  008.63723604   5.00 10.10 10.00 2 0 0 0.00 0
102 H12  49.96198032  008.63698562   5.00 10.10 10.00 2 0 0 0.00 0
102 H6  49.96130137  008.64329038 350.96 17.40 18.20 3 0 0 0.00 0
110 2 0.00 0.0000 Concrete Apron North
111  49.96282906  008.64262061
111  49.96276466  008.64269402
111  49.96349666  008.64413558
111  49.96343656  008.64421900
111  49.96348593  008.64509662
111  49.96389808  008.64504991
111  49.96385086  008.64403213
111  49.96368986  008.64403547
111  49.96323907  008.64313449
111  49.96320687  008.64316452
111  49.96318755  008.64309779
113  49.96311456  008.64316786
110 2 0.00 0.0000 Concrete apron west
111  49.96209062  008.63866975
111  49.96181370  008.63861637
111  49.96182658  008.63907351
111  49.96249633  008.64044830
111  49.96285482  008.63999449
111  49.96238685  008.63902012
113  49.96208533  008.63896875
110 1 0.00 0.0000 Main Taxiway and Turnoffs
111  49.96049032  008.63227634 102
112  49.96059353  008.63211751  49.96067405  008.63204484 102
111  49.96077984  008.63211995 102
112  49.96115328  008.63264156  49.96118047  008.63270052 102
111  49.96119543  008.63283835 102
112  49.96122642  008.63354764  49.96122174  008.63364777 102
111  49.96112011  008.63377937 102
112  49.96074608  008.63439307  49.96071370  008.63441622 102
111  49.96067075  008.63438499 102
111  49.96058694  008.63426547
111  49.96061812  008.63501027 102
111  49.96070107  008.63467561 102
111  49.96110270  008.63404826 102
112  49.96119543  008.63404988  49.96123751  008.63408272 102
111  49.96124738  008.63417504 102
111  49.96144479  008.63800666 102
112  49.96140842  008.63814394  49.96136895  008.63817867 102
111  49.96131977  008.63816923 102
111  49.96124167  008.63810087 102
111  49.96073344  008.63743090
111  49.96076478  008.63813990 102
111  49.96110712  008.63810356 102
111  49.96140452  008.63849320 102
112  49.96145913  008.63859878  49.96147870  008.63865639 102
111  49.96147950  008.63874446 102
111  49.96160322  008.64146987 102
112  49.96159297  008.64159324  49.96158413  008.64163256 102
111  49.96154701  008.64167855 102
111  49.96110658  008.64221696 102
112  49.96102499  008.64226954  49.96097564  008.64226954 102
111  49.96095387  008.64218552
111  49.96098037  008.64266142 102
112  49.96100268  008.64252715  49.96100731  008.64250522 102
111  49.96104491  008.64245643 102
111  49.96152516  008.64186855 102
112  49.96159769  008.64188797  49.96162835  008.64192208 102
111  49.96163475  008.64207086 102
111  49.96178431  008.64517535 102
112  49.96176878  008.64524265  49.96174842  008.64527366 102
111  49.96167315  008.64527996 102
111  49.96131943  008.64496027 102
112  49.96114608  008.64478167  49.96108462  008.64470925 102
111  49.96107336  008.64460806
111  49.96111232  008.64534693 102
112  49.96123959  008.64514101  49.96126799  008.64511140 102
111  49.96132613  008.64511721 102
111  49.96169045  008.64545806 102
112  49.96177293  008.64557465  49.96178836  008.64562552 102
111  49.96179804  008.64578299 102
111  49.96190194  008.64809247 102
112  49.96189155  008.64829435  49.96187786  008.64836005 102
111  49.96183180  008.64846393 102
111  49.96152721  008.64914979 102
111  49.96128548  008.64920255
111  49.96132531  008.64985285 102
111  49.96184129  008.64867317 102
112  49.96190946  008.64860844  49.96194045  008.64861543 102
111  49.96194806  008.64870368 102
111  49.96198522  008.64950251 102
112  49.96196908  008.64958540  49.96196221  008.64960680 102
111  49.96194363  008.64965448 102
111  49.96152559  008.65061007 102
112  49.96144705  008.65067103  49.96140089  008.65067291 102
111  49.96138129  008.65063901 102
111  49.96134626  008.65057069
111  49.96138503  008.65118079 102
111  49.96146500  008.65117138 102
111  49.96145410  008.65100750 102
111  49.96147924  008.65097428 102
111  49.96203105  008.64970521 102
112  49.96206805  008.64960350  49.96208017  008.64955264 102
111  49.96207411  008.64946573
111  49.96127639  008.63280391 102
112  49.96124398  008.63263118  49.96121965  008.63255689 102
111  49.96118441  008.63249256 102
111  49.96066535  008.63176729 102
113  49.96046614  008.63175034
110 2 0.00 0.0000 Fueling area
111  49.96186093  008.64107910
111  49.96202192  008.64139276
111  49.96238268  008.64095597
113  49.96223210  008.64063560
110 1 0.00 0.0000 Asphalt Apron East
111  49.96332816  008.64375996
111  49.96333130  008.64401401
111  49.96261786  008.64415081
111  49.96265244  008.64513279
112  49.96262978  008.64523791  49.96260441  008.64529251
111  49.96256928  008.64529858
111  49.96201311  008.64538049
112  49.96194285  008.64534105  49.96190281  008.64528938
111  49.96186089  008.64515600
111  49.96188821  008.64576575
112  49.96193115  008.64558677  49.96196057  008.64553202
111  49.96200725  008.64551699
111  49.96296739  008.64541082
112  49.96318010  008.64557160  49.96326447  008.64577812
111  49.96320547  008.64589013
111  49.96291079  008.64663032
112  49.96285597  008.64667968  49.96281660  008.64670863
111  49.96280151  008.64670919
111  49.96205994  008.64677593
112  49.96199359  008.64673952  49.96196432  008.64669099
111  49.96192724  008.64659695
111  49.96195456  008.64716725
112  49.96199945  008.64698524  49.96204043  008.64691850
111  49.96206970  008.64692457
111  49.96255757  008.64687300
112  49.96266295  008.64696401  49.96270003  008.64704288
111  49.96268442  008.64716725
111  49.96254587  008.64750701
112  49.96251121  008.64753953  49.96249985  008.64754229
111  49.96248342  008.64753431
111  49.96238584  008.64746454
111  49.96237999  008.64738264
111  49.96220435  008.64740084
111  49.96223753  008.64824416
111  49.96241511  008.64822293
111  49.96241902  008.64814406
111  49.96247756  008.64814406
111  49.96251464  008.64876594
111  49.96279566  008.64875684
111  49.96278004  008.64835034
111  49.96260636  008.64834427
111  49.96258099  008.64771633
111  49.96280346  008.64721882
111  49.96296153  008.64737050
111  49.96329899  008.64656484
112  49.96331498  008.64655034  49.96332831  008.64654827
111  49.96333631  008.64656484
111  49.96337896  008.64647989
111  49.96336030  008.64646331
112  49.96335230  008.64644467  49.96335230  008.64642886
111  49.96335763  008.64641773
111  49.96337896  008.64638251
111  49.96346826  008.64641773
111  49.96370778  008.64505292
113  49.96350943  008.64407653
111  49.96245741  008.64774334
111  49.96240002  008.64773288
111  49.96239186  008.64758717
113  49.96244968  008.64761965
111  49.96247208  008.64804026
111  49.96241610  008.64804026
111  49.96240343  008.64784393
113  49.96246010  008.64785224
110 1 0.00 0.0000 Asphalt Apron West
111  49.96164678  008.64065306
112  49.96166556  008.64057638  49.96167910  008.64055453
111  49.96169468  008.64053999
111  49.96180645  008.64042968
111  49.96182951  008.64093435
111  49.96173548  008.64099778
112  49.96169468  008.64100329  49.96167075  008.64099075
111  49.96166097  008.64093159
111  49.96167712  008.64133295
112  49.96169209  008.64129021  49.96170142  008.64126782
111  49.96186093  008.64107910
111  49.96202192  008.64139276
112  49.96191644  008.64144177  49.96183225  008.64146128
112  49.96173057  008.64139915  49.96169565  008.64137697
111  49.96167824  008.64134586
111  49.96177274  008.64328672
112  49.96178527  008.64324409  49.96179769  008.64321927
111  49.96181795  008.64322203
111  49.96293378  008.64311222
111  49.96311467  008.64317060
111  49.96318117  008.64309652
111  49.96286679  008.64248098
111  49.96279840  008.64256694
111  49.96265978  008.64244008
111  49.96223222  008.64158793
112  49.96220872  008.64147598  49.96221178  008.64142821
111  49.96223188  008.64140056
111  49.96253740  008.64103902
111  49.96265916  008.64127394
111  49.96276631  008.64114541
111  49.96270945  008.64101982
111  49.96342008  008.64017605
111  49.96320911  008.63976218
111  49.96293831  008.64006011
111  49.96287267  008.63996083
111  49.96262784  008.64026419
111  49.96243802  008.63993050
111  49.96213465  008.63971540
111  49.96174477  008.64016725
112  49.96167892  008.64014415  49.96163567  008.64010913
113  49.96162029  008.64005252
110 2 0.00 0.0000 Small concrete apron west
111  49.96214356  008.63692671
111  49.96205383  008.63691202
111  49.96205383  008.63680191
111  49.96184132  008.63676887
111  49.96182951  008.63687899
111  49.96170200  008.63686798
111  49.96165950  008.63756538
113  49.96209398  008.63763145
110 1 0.00 0.0000 Taxiway to heliarea west
111  49.96149808  008.63746893
112  49.96152508  008.63734433  49.96154397  008.63730395
111  49.96158800  008.63729463
111  49.96168463  008.63729096
111  49.96169190  008.63715148
111  49.96155966  008.63711845
112  49.96150613  008.63707619  49.96149022  008.63705870
113  49.96147230  008.63696429
110 1 0.00 0.0000 New Taxiway 56
111  49.96161362  008.63991567
112  49.96162956  008.63986894  49.96163755  008.63985300
111  49.96164891  008.63983635
111  49.96201018  008.63945027
111  49.96198760  008.63940514
113  49.96160729  008.63979580
110 3 0.00 0.0000 Grass taxiway
111  49.96053057  008.63746979
111  49.96041171  008.63828125
111  49.96026519  008.63898516
112  49.95989635  008.64003572  49.95979467  008.64029055
111  49.95989635  008.64003572
112  49.95989635  008.64003572  49.95983890  008.64017969
112  49.95945911  008.64073438  49.95925057  008.64094889
111  49.95945911  008.64073438
112  49.95945911  008.64073438  49.95929853  008.64089956
112  49.95907969  008.64102208  49.95907572  008.64109309
111  49.95907969  008.64102208
112  49.95907969  008.64102208  49.95907056  008.64118530
112  49.95953146  008.65136029  49.95960328  008.65151055
111  49.96001295  008.65124945
111  49.96112239  008.64993464
111  49.96110941  008.64966859
112  49.96010720  008.65073072  49.96005014  008.65068459
112  49.95968011  008.64086976  49.95970522  008.64072073
112  49.96016454  008.63986064  49.96027868  008.63953162
113  49.96057794  008.63852465
110 3 0.00 0.0000 Grass parking
111  49.96250087  008.64021810
111  49.96161002  008.64027868
111  49.96203317  008.64953915
111  49.96265120  008.64857849
113  49.96362000  008.64465794
130 Airport Boundary 1
111  49.96424163  008.63772293
111  49.96324954  008.63694625
111  49.96174531  008.63668312
111  49.96152720  008.63233772
111  49.96089137  008.63123710
111  49.96071410  008.62948186
111  49.95981267  008.62954188
111  49.95979086  008.62992588
111  49.95957981  008.62996110
111  49.96003589  008.63803313
111  49.95985586  008.63930433
111  49.95880588  008.64155524
111  49.95916961  008.65166709
111  49.96190608  008.65196362
111  49.96332896  008.64878337
111  49.96341469  008.64769849
113  49.96408491  008.64453664
120 Linear Feature 2
111  49.96025960  008.63914831 5
115  49.96026812  008.63942645
120 Linear Feature 1
111  49.96074787  008.65011544 5
115  49.96076665  008.65033072
120 Linear Feature 90
111  49.96207724  008.64945948 102
111  49.96196607  008.64710490
111  49.96194223  008.64661518 102
111  49.96189780  008.64572055
111  49.96187487  008.64517533 102
111  49.96178560  008.64326769
111  49.96167264  008.64095604 102
111  49.96165793  008.64060756
111  49.96162932  008.64006500 102
111  49.96162419  008.63991039
111  49.96161539  008.63974478 102
111  49.96150427  008.63746189 102
112  49.96154065  008.63733887  49.96156000  008.63730879 102
111  49.96166909  008.63731348
111  49.96167716  008.63712545 102
111  49.96156587  008.63709286 102
112  49.96151506  008.63706451  49.96149049  008.63703468 102
111  49.96148272  008.63698589 102
115  49.96127639  008.63280391
120 Linear Feature 62
111  49.96254569  008.64060951 20
111  49.96242973  008.64074418 20
111  49.96219114  008.64027592 20
115  49.96231243  008.64013088
120 Linear Feature 61
111  49.96250703  008.64082734 20
111  49.96242439  008.64064915 20
111  49.96231643  008.64051241 20
111  49.96208984  008.64031764 20
111  49.96201919  008.64018711 20
115  49.96185391  008.64005036
120 Linear Feature 60
111  49.96262371  008.64261461 20
115  49.96193314  008.64269666
120 Linear Feature 59
111  49.96239792  008.64213826 20
115  49.96190235  008.64219752
120 Linear Feature 58
111  49.96280405  008.64287443 20
111  49.96220585  008.64167332 20
111  49.96184663  008.64171206 20
115  49.96191701  008.64320947
120 Linear Feature 30
111  49.96155750  008.63720360 1
112  49.96147485  008.63725499  49.96144652  008.63731372 1
115  49.96145401  008.63740109
120 Linear Feature 29
111  49.96143759  008.63705639 1
112  49.96148194  008.63715956  49.96151972  008.63719993 1
111  49.96155514  008.63720360 1
115  49.96168973  008.63721461
120 Linear Feature 28
111  49.96045477  008.63381209 1
111  49.96048311  008.63441037 1
112  49.96054686  008.63457921  49.96060582  008.63464529 1
115  49.96069877  008.63456879
120 Linear Feature 27
111  49.96113390  008.63389961 1
111  49.96122157  008.63375548 1
112  49.96125463  008.63368245  49.96127390  008.63363724 1
115  49.96127066  008.63353871
120 Linear Feature 26
111  49.96052797  008.63542708 1
111  49.96051144  008.63503801 1
112  49.96055867  008.63478108  49.96060826  008.63467831 1
111  49.96069859  008.63456921 1
111  49.96113257  008.63390137 1
112  49.96121275  008.63390752  49.96126706  008.63394789 1
115  49.96129602  008.63408834
120 Runway Hold
111  49.96089163  008.63437263 4
115  49.96082919  008.63427586
120 Runway Hold
111  49.96072724  008.63209080 4
115  49.96079551  008.63195765
120 Linear Feature 52
111  49.96158509  008.64017327 1
112  49.96162646  008.64032311  49.96165869  008.64035579 1
115  49.96174124  008.64030671
120 Linear Feature 51
111  49.96160390  008.64056161 1
112  49.96163006  008.64042218  49.96165778  008.64037884 1
111  49.96172069  008.64032415 1
115  49.96178843  008.64026314
120 Linear Feature 50
111  49.96174888  008.64111524 1
112  49.96166976  008.64112702  49.96163161  008.64110365 1
115  49.96162437  008.64100730
120 Linear Feature 49
111  49.96163972  008.64131294 1
112  49.96166313  008.64122837  49.96168816  008.64118323 1
111  49.96174587  008.64111835 1
115  49.96180997  008.64104207
120 Linear Feature 48
111  49.96181197  008.64153087 1
112  49.96168570  008.64150140  49.96165067  008.64146140 1
115  49.96164224  008.64138164
120 Linear Feature 47
111  49.96181186  008.64153106 1
112  49.96169591  008.64157018  49.96165986  008.64160287 1
115  49.96159666  008.64169121
120 Linear Feature 46
111  49.96165999  008.64175830 1
112  49.96169231  008.64161598  49.96172636  008.64155371 1
115  49.96181174  008.64153105
120 Linear Feature 45
111  49.96186246  008.64206207 1
112  49.96174923  008.64203698  49.96168276  008.64200538 1
115  49.96166887  008.64194643
120 Linear Feature 44
111  49.96168400  008.64225903 1
112  49.96173397  008.64213991  49.96178689  008.64206788 1
111  49.96186241  008.64206269 1
115  49.96231923  008.64200241
120 Linear Feature 43
111  49.96188378  008.64255354 1
112  49.96177274  008.64252417  49.96169581  008.64248788 1
115  49.96169074  008.64240362
120 Linear Feature 42
111  49.96170751  008.64276106 1
112  49.96176603  008.64261729  49.96181677  008.64255661 1
111  49.96188405  008.64255367 1
115  49.96255210  008.64246931
120 Linear Feature 41
111  49.96255795  008.64306691 1
111  49.96191454  008.64314185 1
112  49.96179643  008.64311132  49.96173777  008.64305925 1
115  49.96171686  008.64294557
120 Linear Feature 40
111  49.96280199  008.64441095 1
115  49.96279000  008.64413952
120 Linear Feature 39
111  49.96273668  008.64444202 1
115  49.96293262  008.64441923
120 Linear Feature 38
111  49.96276734  008.64487714 1
115  49.96296194  008.64486471
120 Linear Feature 37
111  49.96292606  008.64533776 1
112  49.96279266  008.64527289  49.96273535  008.64519001 1
115  49.96273135  008.64511127
120 Linear Feature 36
111  49.96256436  008.64538015 1
112  49.96267948  008.64529594  49.96273440  008.64520121 1
111  49.96273064  008.64511115 1
115  49.96270656  008.64452051
120 Linear Feature 35
111  49.96196642  008.64545185 1
111  49.96183648  008.64545957 1
112  49.96180503  008.64545185  49.96178352  008.64544413 1
115  49.96173688  008.64541414
120 Linear Feature 34
111  49.96182655  008.64525630 1
112  49.96186214  008.64537594  49.96189279  008.64543749 1
115  49.96196476  008.64545185
120 Linear Feature 33
111  49.96184635  008.64567556 1
112  49.96187744  008.64555667  49.96190916  008.64548611 1
111  49.96196450  008.64545324 1
115  49.96298120  008.64533161
120 Linear Feature 32
111  49.96189153  008.64663985 1
112  49.96197390  008.64679588  49.96204037  008.64685363 1
115  49.96208299  008.64684588
120 Linear Feature 31
111  49.96191467  008.64712302 1
112  49.96196451  008.64692612  49.96201582  008.64685653 1
111  49.96208201  008.64684603 1
115  49.96255832  008.64680394
120 Runway Hold
111  49.96167102  008.65052445 4
115  49.96159920  008.65044592
120 Runway Hold
111  49.96160564  008.64919071 4
115  49.96154332  008.64912417
120 Runway Hold
111  49.96136969  008.64515618 4
115  49.96141042  008.64504611
120 Runway Hold
111  49.96124840  008.64219841 4
115  49.96119840  008.64210763
120 Linear Feature 25
111  49.96061007  008.63691274 1
111  49.96062483  008.63729335 1
112  49.96065093  008.63738828  49.96066953  008.63742804 1
111  49.96071095  008.63748935 1
115  49.96094700  008.63779475
120 Linear Feature 24
111  49.96148571  008.63808516 1
112  49.96142204  008.63824373  49.96135167  008.63829615 1
115  49.96127276  008.63823399
120 Linear Feature 23
111  49.96066832  008.63831082 1
111  49.96065604  008.63800749 1
112  49.96073141  008.63775906  49.96081448  008.63766036 1
111  49.96094407  008.63779247 1
111  49.96143964  008.63845797 1
112  49.96148500  008.63853772  49.96150899  008.63858648 1
115  49.96151459  008.63867938
120 Linear Feature 22
111  49.96150198  008.64181173 1
111  49.96159505  008.64169203 1
112  49.96162584  008.64160998  49.96164051  008.64154389 1
115  49.96164588  008.64145791
120 Linear Feature 21
111  49.96082091  008.64182649 1
111  49.96083997  008.64213645 1
112  49.96091181  008.64230511  49.96097926  008.64237348 1
115  49.96108922  008.64231194
120 Linear Feature 20
111  49.96088249  008.64304126 1
111  49.96086929  008.64272902 1
112  49.96092061  008.64254213  49.96096753  008.64245553 1
111  49.96097193  008.64246009 1
111  49.96150268  008.64181054 1
112  49.96159066  008.64180142  49.96162878  008.64182877 1
115  49.96166882  008.64194617
120 Linear Feature 19
111  49.96165169  008.64533788 1
112  49.96176984  008.64536118  49.96181382  008.64532016 1
115  49.96182422  008.64522875
120 Linear Feature 18
111  49.96095898  008.64437298 1
111  49.96097210  008.64459344 1
112  49.96100676  008.64471868  49.96104134  008.64478772 1
111  49.96106870  008.64480757 1
115  49.96132400  008.64504252
120 Linear Feature 17
111  49.96101563  008.64565167 1
111  49.96100289  008.64541225 1
112  49.96108776  008.64511297  49.96115960  008.64499445 1
111  49.96132381  008.64504232 1
111  49.96179929  008.64547067 1
112  49.96182553  008.64552288  49.96183844  008.64556165 1
115  49.96184577  008.64567591
120 Linear Feature 16
111  49.96117496  008.64901168 1
111  49.96118262  008.64918404 1
112  49.96122457  008.64931508  49.96126043  008.64934077 1
111  49.96129512  008.64933010 1
111  49.96145398  008.64930500 1
112  49.96151081  008.64926991  49.96153541  008.64923794 1
115  49.96155811  008.64918673
120 Linear Feature 15
111  49.96119754  008.64962340 1
111  49.96120399  008.64971616 1
112  49.96126367  008.64978385  49.96131325  008.64977631 1
111  49.96133260  008.64969985 1
111  49.96193339  008.64833417 1
112  49.96195394  008.64823951  49.96196685  008.64816932 1
115  49.96195930  008.64807565
120 Linear Feature 85
111  49.96247611  008.65228592 106
111  49.95939080  008.65185023 106
115  49.95831340  008.65161868
120 Linear Feature 67
111  49.96214079  008.64075542 20
115  49.96224985  008.64097957
120 Linear Feature 66
111  49.96193729  008.64099328 20
115  49.96205517  008.64122436
120 Centerline A
111  49.96123493  008.65032402 1
111  49.96125267  008.65073266 1
112  49.96136073  008.65089311  49.96145546  008.65088615 1
111  49.96148895  008.65080847 1
111  49.96199940  008.64964461 1
112  49.96202359  008.64956940  49.96203327  008.64952177 1
111  49.96202439  008.64944644 1
111  49.96123598  008.63280476 1
112  49.96120251  008.63264185  49.96117612  008.63256602 1
111  49.96111744  008.63248957 1
111  49.96066639  008.63187906 1
112  49.96049820  008.63193627  49.96037924  008.63203599 1
111  49.96038161  008.63243327 1
115  49.96039740  008.63275570
120 Linear Feature 7
111  49.96110684  008.63810623 20
111  49.96098867  008.63795367 20
111  49.96078939  008.63796457 20
116  49.96076536  008.63799882  49.96075835  008.63802528
120 Runway Hold
111  49.96106345  008.63805003 54
115  49.96112196  008.63794537
21  49.96067759  008.63331244 1 85.9500 4.50 PAPI 09L
21  49.96082449  008.64632770 1 264.0000 4.50 PAPI 27R
20  49.96144414  008.63959060 265.4700 0 1 {@L}A
20  49.96162716  008.64431591 265.4700 0 1 {@L}A
20  49.96180885  008.64792335 265.4700 0 1 {@L}A
20  49.96122686  008.63471818 266.3700 0 1 {@L}A{@Y}F{^ld}
20  49.96157718  008.63794804 86.4000 0 1 {@L}A{@Y}E{^rd}
20  49.96136673  008.63291223 83.2500 0 1 {@L}A{@Y}F{^ru}
20  49.96129724  008.63801824 43.9300 0 1 {@L}E{@Y}A{^lu}{^rd}
20  49.96086750  008.63391310 301.4600 0 1 {@L}F{@Y}A{^lu}{^rd}
20  49.96209144  008.64711746 174.8200 0 1 {@L}G{@Y}A{^l}{^r}
20  49.96202451  008.64566742 174.8200 0 1 {@L}C{@Y}A{^r}{^l}C{^u}
20  49.96171018  008.65057110 128.1900 0 1 {@R}27{@@}{@L}A
20  49.96091140  008.63176693 220.6700 0 1 {@R}27{@@}{@L}A
20  49.96091638  008.63443093 131.8500 0 1 {@L}F{@R}09-27
20  49.96102587  008.63808172 212.0700 0 1 {@L}E{@R,^l}26{^r}9
20  49.96164469  008.64924026 122.7000 0 1 {@L}B{@R}09-27
20  49.96127444  008.64225475 140.0000 0 1 {@L}D{@R}09-27
20  49.96134745  008.64521801 212.7100 0 1 {@L}C{@R}09-27
14  49.96271254  008.64183546  39.37 0 Tower Viewpoint
1300  49.96200120  008.64278217 267.27 tie_down jets|props General aviation
1301 B general_aviation 
1300  49.96222983  008.64276009 267.27 tie_down jets|props General aviation
1301 B general_aviation 
1300  49.96246273  008.64273140 267.27 tie_down jets|props General aviation
1301 B general_aviation 
1300  49.96256174  008.64845019 268.19 tie_down helos Heli Transair
1301 A general_aviation 
1300  49.96227319  008.64790385 268.19 tie_down helos Heli Transair
1301 A general_aviation 
1300  49.96225138  008.64754582 268.19 tie_down helos Heli Transair
1301 A general_aviation 
1300  49.96198899  008.63698733   5.00 tie_down helos Polizeifliegerstaffel Hessen
1301 A military 
1300  49.96195989  008.63748885   5.00 tie_down helos Polizeifliegerstaffel Hessen
1301 A military 
1300  49.96199991  008.64229219  86.18 tie_down props|helos General aviation 2
1301 A general_aviation 
1300  49.96214760  008.64227673  86.18 tie_down props|helos General aviation 2
1301 A general_aviation 
1300  49.96232369  008.64225907  86.18 tie_down props|helos General aviation 2
1301 A general_aviation 
1300  49.96202831  008.64173590 265.02 tie_down props|helos General aviation 2
1301 A general_aviation 
1300  49.96189056  008.64190367  86.18 tie_down props|helos General aviation 2
1301 A general_aviation 
1300  49.96229723  008.64584602 264.71 tie_down props|helos Gras parking
1301 A general_aviation 
1300  49.96292045  008.64575112 264.71 tie_down props|helos Gras parking
1301 A general_aviation 
1300  49.96268897  008.64578275 264.71 tie_down props|helos Gras parking
1301 A general_aviation 
1300  49.96249310  008.64580648 264.71 tie_down props|helos Gras parking
1301 A general_aviation 
1300  49.96199197  008.64429599 264.71 tie_down props|helos Gras parking
1301 A general_aviation 
1300  49.96213261  008.64428020 264.71 tie_down props|helos Gras parking
1301 A general_aviation 
1300  49.96226816  008.64426201 264.71 tie_down props|helos Gras parking
1301 A general_aviation 
1300  49.96239821  008.64424805 264.71 tie_down props|helos Gras parking
1301 A general_aviation 
1300  49.96252984  008.64422617 264.71 tie_down props|helos Gras parking
1301 A general_aviation 
1300  49.96251307  008.64379438 264.71 tie_down props|helos Gras parking
1301 A general_aviation 
1300  49.96237361  008.64381382 264.71 tie_down props|helos Gras parking
1301 A general_aviation 
1300  49.96224042  008.64383448 264.71 tie_down props|helos Gras parking
1301 A general_aviation 
1300  49.96210642  008.64385146 264.71 tie_down props|helos Gras parking
1301 A general_aviation 
1300  49.96196615  008.64387271 264.71 tie_down props|helos Gras parking
1301 A general_aviation 
1300  49.96200218  008.64337917 264.71 tie_down props|helos Gras parking
1301 A general_aviation 
1300  49.96215967  008.64336460 264.71 tie_down props|helos Gras parking
1301 A general_aviation 
1300  49.96230443  008.64334578 265.33 tie_down props|helos Gras parking
1301 A general_aviation 
1300  49.96243176  008.64332575 265.33 tie_down props|helos Gras parking
1301 A general_aviation 
1300  49.96255830  008.64331361 265.33 tie_down props|helos Gras parking
1301 A general_aviation 
1300  49.96268798  008.64329540 265.33 tie_down props|helos Gras parking
1301 A general_aviation 
1300  49.96282198  008.64327353 265.33 tie_down props|helos Gras parking
1301 A general_aviation 
1300  49.96309410  008.64344473 321.49 tie_down props|helos Gras parking
1301 A general_aviation 
1300  49.96318042  008.64358979 321.49 tie_down props|helos Gras parking
1301 A general_aviation 
1300  49.96324875  008.64375556 321.49 tie_down props|helos Gras parking
1301 A general_aviation 
1300  49.96207233  008.63919534  94.92 tie_down props|helos Flightschool
1301 A general_aviation 
1300  49.96218026  008.64188821  86.18 tie_down props|helos General aviation 2
1301 A general_aviation 
1300  49.96334592  008.64484029  86.75 tie_down jets|props Ramp East
1301 B general_aviation 
1300  49.96275854  008.64481872  86.75 tie_down jets|props Ramp East
1301 B general_aviation 
1300  49.96330670  008.64621831 214.20 tie_down props Ramp East
1301 A general_aviation 
1300  49.96302609  008.64681374 214.20 tie_down props Ramp East
1301 A general_aviation 
1300  49.96315519  008.64651022 214.20 tie_down props Ramp East
1301 A general_aviation 
19  49.96027591  008.64600995 0 New Windsock 2
19  49.95986319  008.63284927 0 New Windsock 1
1053 121730 Egelsbach Apron
1054 118405 Egelsbach Info
1056 119150 Langen Info
1000 Western Flow
1001 EDFE 179 001 99
1002 EDFE 0
1003 EDFE 0.0
1101 26 left
1110 26 119150 arrivals|departures heavy|jets|turboprops|props|fighters 000000 000000 Arr,Dep Rwy 26
1110 26L 119150 arrivals|departures props|helos 000000 000000 Arr,Dep Rwy 26L
1000 Eastern Flow
1001 EDFE 002 178 99
1002 EDFE 0
1003 EDFE 0.0
1101 08 right
1110 08 119150 arrivals|departures heavy|jets|turboprops|props|fighters 000000 000000 Arr,Dep Rwy 08
1110 08R 119150 arrivals|departures props|helos 000000 000000 Arr,Dep Rwy 08R
1200 
1201  49.96189457  008.64461729 both 0 N_stop
1201  49.96186242  008.64380441 both 1 N_stop
1201  49.96181533  008.64271202 both 2 N_stop
1201  49.96178977  008.64206633 both 3 N_stop
1201  49.96205817  008.64203454 both 4 N_stop
1201  49.96225882  008.64200673 both 5 N_stop
1201  49.96213391  008.64083831 both 6 N_stop
1201  49.96235425  008.64810608 both 7 _stop
1201  49.96259727  008.64751881 both 8 _stop
1201  49.96274527  008.64714847 both 9 _stop
1201  49.96229201  008.64569862 both 10 _stop
1201  49.96267582  008.64561515 both 11 _stop
1201  49.96291906  008.64553903 both 12 _stop
1201  49.96250208  008.64451519 both 13 _stop
1201  49.96225568  008.64455447 both 14 _stop
1201  49.96202192  008.64459376 both 15 _start
1201  49.96198717  008.64267620 both 16 _stop
1201  49.96222093  008.64265165 both 17 _stop
1201  49.96245785  008.64261727 both 18 _stop
1201  49.96201086  008.64378353 both 19 _stop
1201  49.96215301  008.64375161 both 20 _stop
1201  49.96230622  008.64372215 both 21 _stop
1201  49.96254946  008.64368777 both 22 _stop
1201  49.96286694  008.64359693 both 23 _stop
1201  49.96295381  008.64335631 both 24 _stop
1201  49.96274934  008.64504828 both 25 _stop
1201  49.96286622  008.64515386 both 26 _stop
1201  49.96325794  008.64511949 both 27 _stop
1201  49.96319318  008.64420611 both 28 _stop
1201  49.96293098  008.64719176 both 29 _stop
1201  49.96285991  008.64713529 both 30 _stop
1201  49.96297205  008.64678664 both 31 _stop
1201  49.96310315  008.64647236 both 32 _stop
1201  49.96323898  008.64613844 both 33 _stop
1201  49.96348696  008.64573332 both 34 _stop
1201  49.96355172  008.64536993 both 35 _stop
1201  49.96363701  008.64503601 both 36 _stop
1201  49.96357857  008.64403670 both 37 _stop
1201  49.96337956  008.64355792 both 38 _stop
1201  49.96301469  008.64285079 both 39 _stop
1201  49.96315599  008.64313779 both 40 unnamed entity(split)
1201  49.96282832  008.64294901 both 41 _stop
1201  49.96248873  008.64216823 both 42 _stop
1201  49.96237816  008.64196444 both 43 _stop
1201  49.96226602  008.64169928 both 44 _stop
1201  49.96215703  008.64160107 both 45 _stop
1201  49.96186799  008.64097007 both 46 _stop
1201  49.96192558  008.64108933 both 47 unnamed entity(split)
1201  49.96198280  008.64121320 both 48 unnamed entity(split)
1201  49.96311868  008.64026357 both 49 _stop
1201  49.96237658  008.64076629 both 50 _stop
1201  49.96256284  008.64093691 both 51 unnamed entity(split)
1201  49.96230551  008.64064352 both 52 _stop
1201  49.96224707  008.64050603 both 53 _stop
1201  49.96218389  008.64038327 both 54 _stop
1201  49.96213089  008.63929697 both 55 _stop
1201  49.96211190  008.63959028 both 56 _stop
1201  49.96204647  008.64003462 both 57 _stop
1201  49.96225970  008.63980138 both 58 _stop
1201  49.96222226  008.63984115 both 59 unnamed entity(split)
1201  49.96249762  008.63965416 both 60 _stop
1201  49.96243770  008.63932511 both 61 _stop
1201  49.96258192  008.63904270 both 62 _stop
1201  49.96262298  008.63849027 both 63 _stop
1201  49.96238620  008.63826039 both 64 _stop
1201  49.96219020  008.63820546 both 65 _stop
1201  49.96220570  008.63781030 both 66 _stop
1201  49.96236728  008.63781538 both 67 _stop
1201  49.96238140  008.63762335 both 68 _stop
1201  49.96203383  008.63757514 both 69 _stop
1201  49.96203699  008.63735594 both 70 _stop
1201  49.96180007  008.63717916 both 71 _stop
1201  49.96180955  008.63697538 both 72 _start
1201  49.96207012  008.64091098 both 73 Fuel truck destination
1201  49.96235556  008.64752427 both 74 _stop
1201  49.96245085  008.64756485 both 75 _stop
1201  49.96235817  008.64779009 both 76 _stop
1201  49.96206669  008.63936036 both 77 _start
1201  49.96186460  008.64022287 both 78 _stop
1201  49.96196083  008.64025492 both 79 _stop
1201  49.96223920  008.64087727 both 80 _stop
1201  49.96213468  008.64064360 both 81 unnamed entity(split)
1201  49.96209693  008.64068980 both 82 unnamed entity(split)
1201  49.96234230  008.64112301 both 83 _stop
1201  49.96213438  008.64141416 both 84 _stop
1201  49.96252299  008.64408064 both 85 _start
1201  49.96239389  008.64409524 both 86 unnamed entity(split)
1201  49.96226010  008.64411348 both 87 unnamed entity(split)
1201  49.96212278  008.64413173 both 88 unnamed entity(split)
1201  49.96198312  008.64414997 both 89 unnamed entity(split)
1201  49.96187694  008.64416388 both 90 unnamed entity(split)
1201  49.96251008  008.64364096 both 91 _start
1201  49.96236925  008.64365920 both 92 unnamed entity(split)
1201  49.96222724  008.64367927 both 93 unnamed entity(split)
1201  49.96208992  008.64369934 both 94 unnamed entity(split)
1201  49.96194556  008.64371758 both 95 unnamed entity(split)
1201  49.96185961  008.64372988 both 96 unnamed entity(split)
1201  49.96255617  008.64247048 both 97 C_stop
1201  49.96284970  008.64275430 both 98 C_stop
1201  49.96266665  008.64257731 both 99 unnamed entity(split)
1201  49.96269635  008.64264183 both 100 unnamed entity(split)
1201  49.96333286  008.64364887 both 101 C_stop
1201  49.96325065  008.64350048 both 102 unnamed entity(split)
1201  49.96317319  008.64336000 both 103 unnamed entity(split)
1201  49.96309364  008.64320518 both 104 unnamed entity(split)
1201  49.96303858  008.64309804 both 105 unnamed entity(split)
1201  49.96292786  008.64289655 both 106 unnamed entity(split)
1201  49.96281758  008.64312830 both 107 unnamed entity(split)
1201  49.96268026  008.64314472 both 108 unnamed entity(split)
1201  49.96254647  008.64316297 both 109 unnamed entity(split)
1201  49.96242206  008.64317939 both 110 unnamed entity(split)
1201  49.96229296  008.64319580 both 111 unnamed entity(split)
1201  49.96214625  008.64321587 both 112 unnamed entity(split)
1201  49.96198546  008.64323594 both 113 unnamed entity(split)
1201  49.96183898  008.64325573 both 114 unnamed entity(split)
1201  49.96350761  008.64409879 both 115 C_stop
1201  49.96255921  008.64680210 both 116 C_stop
1201  49.96008872  008.65097382 both 117 B_stop
1201  49.96069014  008.65030608 both 118 B_stop
1201  49.96037265  008.65065829 both 119 unnamed entity(split)
1201  49.96107161  008.64986270 both 120 B_stop
1201  49.96139465  008.64946739 both 121 B_stop
1201  49.96158539  008.64912549 both 122 B_stop
1201  49.95967645  008.64066762 both 123 E_stop
1201  49.95992561  008.64020020 both 124 E_stop
1201  49.96010088  008.63982092 both 125 E_stop
1201  49.96025897  008.63932679 both 126 E_stop
1201  49.96057170  008.63826375 both 127 E_stop
1201  49.95986231  008.65109531 both 128 _stop
1201  49.95943230  008.64106081 both 129 _start
1201  49.96173414  008.64541181 both 130 C_stop
1201  49.96242999  008.64247624 both 131 _start
1201  49.96222545  008.64250664 both 132 unnamed entity(split)
1201  49.96198488  008.64252534 both 133 unnamed entity(split)
1201  49.96180873  008.64254517 both 134 unnamed entity(split)
1201  49.96189280  008.63723621 both 135 _start
1201  49.96237022  008.64809910 both 136 C_stop
1201  49.96250176  008.64779617 both 137 C_stop
1201  49.96251630  008.64808492 both 138 unnamed entity(split)
1201  49.96252839  008.64767899 both 139 C_stop
1201  49.96352291  008.64525784 both 140 C_stop
1201  49.96352032  008.64506171 both 141 unnamed entity(split)
1201  49.96318645  008.64607625 both 142 unnamed entity(split)
1201  49.96304726  008.64642082 both 143 unnamed entity(split)
1201  49.96290808  008.64675472 both 144 unnamed entity(split)
1201  49.96287025  008.64683410 both 145 unnamed entity(split)
1201  49.96256457  008.64757737 both 146 unnamed entity(split)
1201  49.96255136  008.64760949 both 147 unnamed entity(split)
1201  49.96201778  008.64152014 both 148 D_stop
1201  49.96208993  008.64145457 both 149 unnamed entity(split)
1201  49.96184356  008.64152107 both 150 D_stop
1201  49.96110670  008.63800770 both 151 E_stop
1201  49.96094884  008.63779207 both 152 E_stop
1201  49.96123344  008.64214376 both 153 D_stop
1201  49.96109327  008.64231136 both 154 D_stop
1201  49.96122510  008.63265565 both 155 A_stop
1201  49.96203002  008.64956380 both 156 A_stop
1201  49.96196514  008.64826008 both 157 unnamed entity(split)
1201  49.96190510  008.64686965 both 158 unnamed entity(split)
1201  49.96183272  008.64546447 both 159 A_stop(split)
1201  49.96229737  008.64541115 both 160 unnamed entity(split)
1201  49.96258405  008.64537874 both 161 unnamed entity(split)
1201  49.96281661  008.64535016 both 162 unnamed entity(split)
1201  49.96289180  008.64534033 both 163 unnamed entity(split)
1201  49.96183162  008.64543770 both 164 A_stop(split)(split)
1201  49.96177421  008.64417734 both 165 unnamed entity(split)
1201  49.96175426  008.64374495 both 166 unnamed entity(split)
1201  49.96172990  008.64327046 both 167 unnamed entity(split)
1201  49.96170020  008.64255740 both 168 A_stop(split)(split)
1201  49.96165340  008.64162072 both 169 A_stop(split)
1201  49.96159826  008.64042053 both 170 unnamed entity(split)
1201  49.96156965  008.63987692 both 171 unnamed entity(split)
1201  49.96150746  008.63853764 both 172 A_stop(split)
1201  49.96144355  008.63719431 both 173 A_stop(split)(split)
1201  49.96163743  008.65047266 both 174 A_stop
1201  49.96148891  008.65080971 both 175 A_stop
1201  49.96077306  008.63201974 both 176 A_stop
1201  49.96066524  008.63187448 both 177 A_stop
1201  49.96126420  008.65094214 both 178 09L/27R_stop
1201  49.96037103  008.63191891 both 179 09L/27R_start
1201  49.96064269  008.63764335 both 180 09L/27R_start(split)
1201  49.96087044  008.64247057 both 181 09L/27R_start(split)
1201  49.96140482  008.64511448 both 182 C_stop
1201  49.96129302  008.64501206 both 183 C_stop
1201  49.96098595  008.64495984 both 184 C_start
1201  49.96120633  008.64969785 both 185 unnamed entity(split)
1202 75 74 twoway taxiway_A 
1202 147 75 twoway taxiway_A 
1202 137 76 twoway taxiway_A 
1202 77 171 twoway taxiway_A 
1202 78 170 twoway taxiway_A 
1202 79 78 twoway taxiway_A 
1202 80 81 twoway taxiway_A 
1202 81 79 twoway taxiway_A 
1202 83 80 twoway taxiway_A 
1202 84 83 twoway taxiway_A 
1202 148 149 twoway taxiway_A 
1202 149 84 twoway taxiway_A 
1202 85 86 twoway taxiway_A 
1202 86 87 twoway taxiway_A 
1202 87 88 twoway taxiway_A 
1202 88 89 twoway taxiway_A 
1202 89 90 twoway taxiway_A 
1202 90 165 twoway taxiway_A 
1202 91 92 twoway taxiway_A 
1202 92 93 twoway taxiway_A 
1202 93 94 twoway taxiway_A 
1202 94 95 twoway taxiway_A 
1202 95 96 twoway taxiway_A 
1202 96 166 twoway taxiway_A 
1202 105 107 twoway taxiway_A 
1202 107 108 twoway taxiway_A 
1202 108 109 twoway taxiway_A 
1202 109 110 twoway taxiway_A 
1202 110 111 twoway taxiway_A 
1202 111 112 twoway taxiway_A 
1202 112 113 twoway taxiway_A 
1202 113 114 twoway taxiway_A 
1202 114 167 twoway taxiway_A 
1202 97 131 twoway taxiway_B C
1202 98 99 twoway taxiway_A C
1202 99 97 twoway taxiway_A C
1202 101 102 twoway taxiway_A C
1202 102 103 twoway taxiway_A C
1202 103 104 twoway taxiway_A C
1202 104 105 twoway taxiway_A C
1202 105 106 twoway taxiway_A C
1202 106 98 twoway taxiway_A C
1202 115 101 twoway taxiway_A C
1202 140 141 twoway taxiway_A C
1202 141 115 twoway taxiway_A C
1202 116 158 twoway taxiway_B C
1202 145 116 twoway taxiway_B C
1202 117 128 twoway taxiway_A B
1204 departure 08R,26L
1204 arrival 08R,26L
1202 118 119 twoway taxiway_A B
1202 119 117 twoway taxiway_A B
1204 departure 08R,26L
1204 arrival 08R,26L
1202 120 118 twoway taxiway_A B
1204 departure 08,26
1204 arrival 08,26
1202 185 120 twoway taxiway_A B
1204 departure 08,26
1204 arrival 08,26
1202 121 185 twoway taxiway_B B
1204 departure 08,26
1204 arrival 08,26
1202 122 121 twoway taxiway_B B
1204 departure 08,26
1204 arrival 08,26
1202 157 122 twoway taxiway_B B
1202 123 129 twoway taxiway_A E
1204 departure 08R,26L
1204 arrival 08R,26L
1202 124 123 twoway taxiway_A E
1204 departure 08R,26L
1204 arrival 08R,26L
1202 125 124 twoway taxiway_A E
1202 126 125 twoway taxiway_A E
1202 127 126 twoway taxiway_A E
1204 departure 08,26
1204 arrival 08,26
1202 180 127 twoway taxiway_A E
1204 departure 08,26
1204 arrival 08,26
1202 129 128 twoway runway 08R/26L
1204 departure 08R,26L
1204 arrival 08R,26L
1204 ils 08R,26L
1202 130 164 twoway taxiway_B C
1202 182 130 twoway taxiway_B C
1202 131 132 twoway taxiway_B 
1202 132 133 twoway taxiway_B 
1202 133 134 twoway taxiway_B 
1202 134 168 twoway taxiway_B 
1202 135 173 twoway taxiway_B 
1202 137 138 twoway taxiway_A C
1202 138 136 twoway taxiway_A C
1202 139 137 twoway taxiway_A C
1202 140 142 twoway taxiway_B C
1202 142 143 twoway taxiway_B C
1202 143 144 twoway taxiway_B C
1202 144 145 twoway taxiway_B C
1202 145 146 twoway taxiway_A C
1202 146 147 twoway taxiway_A C
1202 147 139 twoway taxiway_A C
1202 159 160 twoway taxiway_B C
1202 160 161 twoway taxiway_B C
1202 161 162 twoway taxiway_B C
1202 162 163 twoway taxiway_B C
1202 163 140 twoway taxiway_B C
1202 150 148 twoway taxiway_B D
1202 169 150 twoway taxiway_B D
1202 153 169 twoway taxiway_B D
1202 151 172 twoway taxiway_B E
1202 152 151 twoway taxiway_B E
1204 departure 08,26
1204 arrival 08,26
1202 180 152 twoway taxiway_B E
1204 departure 08,26
1204 arrival 08,26
1202 154 153 twoway taxiway_B D
1204 departure 08,26
1204 arrival 08,26
1202 181 154 oneway taxiway_B D
1204 departure 08,26
1204 arrival 08,26
1202 155 176 twoway taxiway_B A
1202 156 157 twoway taxiway_B A
1202 157 158 twoway taxiway_B A
1202 158 159 twoway taxiway_B A
1202 159 164 twoway taxiway_B A
1202 164 165 twoway taxiway_B A
1202 165 166 twoway taxiway_B A
1202 166 167 twoway taxiway_B A
1202 167 168 twoway taxiway_B A
1202 168 169 twoway taxiway_B A
1202 169 170 twoway taxiway_B A
1202 170 171 twoway taxiway_B A
1202 171 172 twoway taxiway_B A
1202 172 173 twoway taxiway_B A
1202 173 155 twoway taxiway_B A
1202 174 156 twoway taxiway_B A
1202 175 174 twoway taxiway_B A
1204 departure 08,26
1204 arrival 08,26
1202 178 175 twoway taxiway_B A
1204 departure 08,26
1204 arrival 08,26
1202 177 176 twoway taxiway_B A
1204 departure 08,26
1204 arrival 08,26
1202 179 177 twoway taxiway_B A
1204 departure 08,26
1204 arrival 08,26
1202 179 180 twoway runway 08/26
1204 departure 08,26
1204 arrival 08,26
1204 ils 08,26
1202 180 181 twoway runway 08/26
1204 departure 08,26
1204 arrival 08,26
1204 ils 08,26
1202 181 184 twoway runway 08/26
1204 departure 08,26
1204 arrival 08,26
1204 ils 08,26
1202 184 185 twoway runway 08/26
1204 departure 08,26
1204 arrival 08,26
1204 ils 08,26
1202 185 178 twoway runway 08/26
1204 departure 08,26
1204 arrival 08,26
1204 ils 08,26
1202 183 182 twoway taxiway_B C
1204 departure 08,26
1204 arrival 08,26
1202 184 183 oneway taxiway_B C
1204 departure 08,26
1204 arrival 08,26
1206 19 1 twoway  N
1206 0 15 twoway  N
1206 90 0 twoway  N
1206 1 90 twoway  N
1206 96 1 twoway  N
1206 114 96 twoway  N
1206 2 114 twoway  N
1206 2 16 twoway  N
1206 134 2 twoway  N
1206 3 134 twoway  N
1206 4 3 twoway  N
1206 5 4 twoway  N
1206 43 5 twoway  N
1206 73 47 oneway  N
1206 6 73 oneway  N
1206 82 6 oneway  N
1206 76 7 twoway  
1206 74 76 twoway  
1206 75 74 twoway  
1206 146 75 twoway  
1206 8 146 twoway  
1206 9 8 twoway  
1206 30 9 twoway  
1206 11 10 twoway  
1206 12 11 twoway  
1206 163 12 twoway  
1206 26 163 twoway  
1206 13 25 twoway  
1206 14 13 twoway  
1206 15 14 twoway  
1206 17 16 twoway  
1206 18 17 twoway  
1206 100 18 twoway  
1206 20 19 twoway  
1206 21 20 twoway  
1206 22 21 twoway  
1206 23 22 twoway  
1206 24 23 twoway  
1206 104 24 twoway  
1206 40 104 twoway  
1206 26 25 twoway  
1206 27 26 twoway  
1206 141 27 twoway  
1206 36 141 twoway  
1206 115 28 twoway  
1206 37 115 twoway  
1206 30 29 twoway  
1206 31 30 twoway  
1206 32 31 twoway  
1206 33 32 twoway  
1206 34 33 twoway  
1206 35 34 twoway  
1206 36 35 twoway  
1206 37 36 twoway  
1206 38 37 twoway  
1206 39 40 twoway  
1206 40 38 twoway  
1206 106 39 twoway  
1206 41 106 twoway  
1206 99 100 twoway  
1206 100 41 twoway  
1206 42 99 twoway  
1206 43 42 twoway  
1206 44 43 twoway  
1206 45 44 twoway  
1206 149 45 twoway  
1206 46 47 twoway  
1206 47 48 twoway  
1206 48 149 twoway  
1206 81 82 twoway  
1206 82 46 twoway  
1206 53 81 twoway  
1206 50 51 twoway  
1206 51 49 twoway  
1206 52 50 twoway  
1206 53 52 twoway  
1206 54 53 twoway  
1206 57 54 twoway  
1206 56 55 twoway  
1206 59 56 twoway  
1206 58 59 twoway  
1206 59 57 twoway  
1206 60 58 twoway  
1206 61 60 twoway  
1206 62 61 twoway  
1206 63 62 twoway  
1206 64 63 twoway  
1206 65 64 twoway  
1206 66 65 twoway  
1206 67 66 twoway  
1206 68 67 twoway  
1206 69 68 twoway  
1206 70 69 twoway  
1206 135 70 twoway  
1206 71 135 twoway  
1206 72 71 twoway  
1400  49.96236268  8.64045835  143.50 fuel_jets 0 New Service Truck 3
1400  49.96300468  8.64710278  211.90 gpu 0 New Service Truck 16
1400  49.96271564  8.64109959  230.80 gpu 0 New Service Truck 15
1400  49.96231603  8.64037284  145.40 gpu 0 New Service Truck 14
1400  49.96187377  8.63680785  95.50 crew_ferrari 0 New Service Truck 13
1400  49.96210431  8.63980169  46.60 crew_limo 0 New Service Truck 12
1400  49.96229549  8.63990879  142.60 crew_limo 0 New Service Truck 11
1400  49.96263350  8.64201048  148.20 crew_car 0 New Service Truck 10
1400  49.96322897  8.64437001  267.50 crew_car 0 New Service Truck 9
1400  49.96360015  8.64541842  193.20 crew_car 0 New Service Truck 8
1400  49.96295730  8.64730163  305.00 crew_car 0 New Service Truck 7
1400  49.96365069  8.64517044  109.70 baggage_loader 0 New Service Truck 6
1400  49.96354645  8.64568605  105.50 baggage_train 2 New Service Truck 5
1400  49.96307469  8.64419181  354.80 baggage_train 2 New Service Truck 4
1400  49.96242084  8.64055367  143.20 fuel_props 0 New Service Truck 2
1400  49.96246343  8.64064637  143.20 fuel_props 0 New Service Truck 2
1400  49.96228337  8.64026335  145.60 pushback 0 New Service Truck 1
1401  49.96207012  8.64091098  324.40 fuel_jets|fuel_liners|fuel_props Fuel truck destination
1401  49.96316841  8.64015983  324.70 baggage_loader|baggage_train|crew_car|crew_ferrari|crew_limo|food|gpu|pushback Universal ground truck destination
99
