I
1130 Generated by WorldEditor 2.4.0r2

1    277 0 0 EDGP Oppenheim
1302 city Oppenheim
1302 country Germany
1302 datum_lat 49.8405
1302 datum_lon 8.376833333
1302 faa_code 
1302 gui_label 3D
1302 iata_code 
1302 icao_code EDGP
1302 region_code ED
1302 state Rhineland-Palatinate
1302 transition_alt 
1302 transition_level 
100 33.00 3 0 0.30 0 0 0  01  49.83757482  008.37439458 0 0 0 0 0 0 19  49.84455312  008.37747486 0 0 0 0 0 0
110 2 0.50 197.0 New Taxiway 4
111  49.84666981  008.37768356
111  49.84659408  008.37764636
111  49.84653187  008.37796987
113  49.84660915  008.37800510
110 3 0.30 15.9 New Taxiway 2
112  49.83761766  008.37417264  49.83761055  008.37415336
112  49.83585908  008.37338194  49.83583992  008.37339794
112  49.83577710  008.37383443  49.83578594  008.37386186
114  49.83753546  008.37461525  49.83754114  008.37461236
110 3 0.30 15.9 New Taxiway 3
112  49.83717291  008.37442803  49.83714733  008.37444257
112  49.83710373  008.37487902  49.83711140  008.37491076
112  49.84443261  008.37809269  49.84445349  008.37808697
114  49.84451371  008.37768894  49.84450447  008.37766579
110 3 0.30 15.9 New Taxiway 22
112  49.83560672  008.37488281  49.83575392  008.37508100
112  49.84560976  008.37931651  49.84576084  008.37938259
112  49.84599862  008.37943395  49.84614389  008.37943395
112  49.84628263  008.37931695  49.84634267  008.37926589
112  49.84639398  008.37916126  49.84643078  008.37907716
112  49.84650477  008.37869770  49.84651149  008.37861775
112  49.84649294  008.37843611  49.84648397  008.37835615
112  49.84632108  008.37801953  49.84630651  008.37788742
112  49.84639955  008.37791311  49.84645111  008.37792701
112  49.84653130  008.37797001  49.84654390  008.37795990
112  49.84659442  008.37764670  49.84658877  008.37763484
112  49.84565768  008.37723279  49.84562352  008.37720950
112  49.84531761  008.37700211  49.84530277  008.37700182
112  49.84506951  008.37710508  49.84500897  008.37710508
112  49.84487758  008.37703655  49.84481866  008.37700973
112  49.84417291  008.37673791  49.84406922  008.37669301
112  49.84336572  008.37637981  49.84331617  008.37635676
112  49.84257847  008.37605620  49.84253843  008.37603631
112  49.84191354  008.37573933  49.84187834  008.37572316
112  49.84135299  008.37551435  49.84126695  008.37548222
112  49.84104684  008.37539010  49.84093008  008.37533578
112  49.84067061  008.37521113  49.84056163  008.37516647
112  49.84018555  008.37500271  49.84003797  008.37493753
112  49.83981056  008.37484110  49.83962842  008.37475420
112  49.83940009  008.37465218  49.83932549  008.37461899
112  49.83898788  008.37446625  49.83887977  008.37441596
112  49.83855601  008.37427639  49.83843608  008.37422426
112  49.83768350  008.37387324  49.83763057  008.37384937
112  49.83622546  008.37316603  49.83614457  008.37314441
112  49.83596961  008.37315296  49.83589152  008.37318323
112  49.83578830  008.37329754  49.83574795  008.37335009
114  49.83555778  008.37397219  49.83553453  008.37413435
130 Airport Boundary 7
111  49.84719302  008.37745693
111  49.83634832  008.37263021
111  49.83448033  008.37456085
113  49.84641469  008.37979006
120 Linear Feature 14
111  49.83754317  008.37456370 20
111  49.83753352  008.37461612 20
115  49.83757464  008.37463458
120 Linear Feature 13
111  49.83765336  008.37418847 20
111  49.83761540  008.37417166 20
115  49.83760636  008.37422291
120 Linear Feature 12
111  49.84452233  008.37764374 20
111  49.84451249  008.37769628 20
115  49.84448314  008.37768274
120 Linear Feature 11
111  49.84456159  008.37723899 20
111  49.84459411  008.37725254 20
115  49.84458502  008.37730303
14  49.84662405  008.37798549 10 0 Oppenheim
1300  49.84627967  008.37908821 -105.1 tie_down props|helos Gras start 1
1301 A none 
1300  49.84611133  008.37916144 256.3 tie_down props|helos Gras start 2
1301 A none 
1300  49.84594977  008.37920432 -96.8 tie_down props New Ramp Start 25
1301 A general_aviation 
1300  49.84578649  008.37921588 -89.3 tie_down props New Ramp Start 26
1301 A general_aviation 
19  49.84630986  008.37746400 0 New Windsock 125
1054 130640 Oppenheim Info
1200 
1201  49.84624409  008.37868782 both 0 _stop
1201  49.84588692  008.37771249 both 1 _stop
1201  49.83754604  008.37399960 both 2 _stop
1201  49.84483667  008.37722755 both 3 _stop
1201  49.84455023  008.37747358 both 4 02/20_stop
1201  49.83761499  008.37441230 both 5 02/20_start
1202 4 5 twoway runway 01/19
1204 departure 01,19
1204 arrival 01,19
1204 ils 01,19
1202 1 0 twoway taxiway_A 
1202 3 1 twoway taxiway_A 
1204 departure 01,19
1204 arrival 01,19
1202 2 3 twoway taxiway_A 
1204 departure 01,19
1204 arrival 01,19
1202 5 2 twoway taxiway_A 
1204 departure 01,19
1204 arrival 01,19
1202 4 3 twoway taxiway_A 
1204 departure 01,19
1204 arrival 01,19
99
