I
1130 Generated by WorldEditor 2.3.1r1

1    289 0 0 XED0037 Buerstadt UL
1302 datum_lat 49.653936
1302 datum_lon 8.472063
1302 gui_label 3D
100 23.37 3 0 0.30 0 0 0 02  49.65476352  008.47359289    0    0 0 0 0 0 20  49.65719369  008.47559896    0    0 0 0 0 0
110 5 0.00 122.0000 New Taxiway 2
112  49.65436298  008.47182812  49.65434886  008.47181213
112  49.65382771  008.47193673  49.65382117  008.47194380
112  49.65392006  008.47285247  49.65392987  008.47287855
112  49.65418350  008.47279465  49.65418849  008.47278856
112  49.65419553  008.47276064  49.65420105  008.47275496
112  49.65446661  008.47268891  49.65447304  008.47267664
112  49.65442971  008.47225081  49.65443413  008.47224351
112  49.65446732  008.47223111  49.65446984  008.47222089
112  49.65443679  008.47194101  49.65443022  008.47193574
114  49.65439074  008.47193676  49.65438522  008.47192743
110 3 0.30 28.1200 New Taxiway 3
112  49.65439892  008.47223021  49.65437877  008.47224536
112  49.65418443  008.47279779  49.65418879  008.47285333
112  49.65437913  008.47295688  49.65440172  008.47297258
112  49.65442652  008.47302096  49.65442765  008.47306458
112  49.65437582  008.47347368  49.65438599  008.47352428
112  49.65469326  008.47375480  49.65475290  008.47380505
112  49.65716421  008.47577153  49.65717401  008.47576480
112  49.65731695  008.47523696  49.65730769  008.47520751
112  49.65487684  008.47321112  49.65484295  008.47318844
112  49.65464336  008.47304096  49.65463159  008.47299653
112  49.65457997  008.47235206  49.65456363  008.47231504
114  49.65447299  008.47223402  49.65445283  008.47222308
130 Airport Boundary 1
111  49.65437850  008.47175179
111  49.65379611  008.47177563
111  49.65395675  008.47335947
111  49.65721287  008.47598364
111  49.65739823  008.47517675
111  49.65466020  008.47293036
111  49.65460665  008.47222082
113  49.65447174  008.47177839
1300  49.65441115  008.47210359  46.91 gate props New Ramp Start 118
1301 A general_aviation 
19  49.65472898  008.47310774 0 New Windsock 14
1054 127690 Buerstadt Info
1200 
1201  49.65481950  008.47329287 both 0 N_stop
1201  49.65700936  008.47506903 both 1 N_stop
1201  49.65714887  008.47556241 both 2 N_stop
1201  49.65476256  008.47359252 both 3 N_stop
1201  49.65457886  008.47339823 both 4 N_stop
1201  49.65451902  008.47304531 both 5 N_stop
1201  49.65448643  008.47275066 both 6 N_start
1202 0 5 twoway taxiway_A N
1202 1 0 twoway taxiway_A N
1202 2 1 twoway taxiway_A N
1204 departure 02,20
1204 arrival 02,20
1202 3 2 twoway runway 02/20
1204 departure 02,20
1204 arrival 02,20
1204 ils 02,20
1202 4 3 twoway taxiway_A N
1204 departure 02,20
1204 arrival 02,20
1202 5 4 twoway taxiway_A N
1204 departure 02,20
1204 arrival 02,20
1202 6 5 twoway taxiway_A N
99
